0 0 3274.981680 1.256377E-5 1
1 1 3275.054940 1.256377E-5 1
2 2 3275.128200 1.263785E-5 1
3 3 3275.201460 1.263785E-5 1
4 4 3275.274720 1.256377E-5 1
5 5 3275.347980 1.256377E-5 1
6 6 3275.421240 1.256377E-5 1
7 7 3275.494500 1.256377E-5 1
8 8 3275.567760 1.248969E-5 1
9 9 3275.641020 1.256377E-5 1
10 10 3275.714280 1.248969E-5 1
11 11 3275.787540 1.256377E-5 1
12 12 3275.860800 1.248969E-5 1
13 13 3275.934060 1.256377E-5 1
14 14 3276.007320 1.256377E-5 1
15 15 3276.080580 1.256377E-5 1
16 16 3276.153840 1.256377E-5 1
17 17 3276.227100 1.248969E-5 1
18 18 3276.300360 1.256377E-5 1
19 19 3276.373620 1.248969E-5 1
20 20 3276.446880 1.256377E-5 1
21 21 3276.520140 1.256377E-5 1
22 22 3276.593400 1.256377E-5 1
23 23 3276.666660 1.256377E-5 1
24 24 3276.739920 1.256377E-5 1
25 25 3276.813180 1.263785E-5 1
26 26 3276.886440 1.248969E-5 1
27 27 3276.959700 1.256377E-5 1
28 28 3277.032960 1.256377E-5 1
29 29 3277.106220 1.256377E-5 1
30 30 3277.179480 1.256377E-5 1
31 31 3277.252740 1.256377E-5 1
32 32 3277.326000 1.256377E-5 1
33 33 3277.399260 1.263785E-5 1
34 34 3277.472520 1.256377E-5 1
35 35 3277.545780 1.256377E-5 1
36 36 3277.619040 1.256377E-5 1
37 37 3277.692300 1.256377E-5 1
38 38 3277.765560 1.256377E-5 1
39 39 3277.838820 1.256377E-5 1
40 40 3277.912080 1.263785E-5 1
41 41 3277.985340 1.263785E-5 1
42 42 3278.058600 1.263785E-5 1
43 43 3278.131860 1.263785E-5 1
44 44 3278.205120 1.263785E-5 1
45 45 3278.278380 1.263785E-5 1
46 46 3278.351640 1.256377E-5 1
47 47 3278.424900 1.256377E-5 1
48 48 3278.498160 1.263785E-5 1
49 49 3278.571420 1.263785E-5 1
50 50 3278.644680 1.263785E-5 1
51 51 3278.717940 1.263785E-5 1
52 52 3278.791200 1.256377E-5 1
53 53 3278.864460 1.263785E-5 1
54 54 3278.937720 1.256377E-5 1
55 55 3279.010980 1.263785E-5 1
56 56 3279.084240 1.256377E-5 1
57 57 3279.157500 1.256377E-5 1
58 58 3279.230760 1.256377E-5 1
59 59 3279.304020 1.263785E-5 1
60 60 3279.377280 1.263785E-5 1
61 61 3279.450540 1.263785E-5 1
62 62 3279.523800 1.263785E-5 1
63 63 3279.597060 1.271193E-5 1
64 64 3279.670320 1.263785E-5 1
65 65 3279.743580 1.263785E-5 1
66 66 3279.816840 1.263785E-5 1
67 67 3279.890100 1.263785E-5 1
68 68 3279.963360 1.271193E-5 1
69 69 3280.036640 1.263785E-5 1
70 70 3280.109900 1.263785E-5 1
71 71 3280.183160 1.263785E-5 1
72 72 3280.256420 1.263785E-5 1
73 73 3280.329680 1.263785E-5 1
74 74 3280.402940 1.263785E-5 1
75 75 3280.476200 1.263785E-5 1
76 76 3280.549460 1.263785E-5 1
77 77 3280.622720 1.263785E-5 1
78 78 3280.695980 1.271193E-5 1
79 79 3280.769240 1.263785E-5 1
80 80 3280.842500 1.263785E-5 1
81 81 3280.915760 1.263785E-5 1
82 82 3280.989020 1.256377E-5 1
83 83 3281.062280 1.263785E-5 1
84 84 3281.135540 1.263785E-5 1
85 85 3281.208800 1.263785E-5 1
86 86 3281.282060 1.263785E-5 1
87 87 3281.355320 1.271193E-5 1
88 88 3281.428580 1.263785E-5 1
89 89 3281.501840 1.271193E-5 1
90 90 3281.575100 1.256377E-5 1
91 91 3281.648360 1.263785E-5 1
92 92 3281.721620 1.263785E-5 1
93 93 3281.794880 1.263785E-5 1
94 94 3281.868140 1.263785E-5 1
95 95 3281.941400 1.263785E-5 1
96 96 3282.014660 1.263785E-5 1
97 97 3282.087920 1.263785E-5 1
98 98 3282.161180 1.263785E-5 1
99 99 3282.234440 1.256377E-5 1
100 100 3282.307700 1.256377E-5 1
101 101 3282.380960 1.256377E-5 1
102 102 3282.454220 1.263785E-5 1
103 103 3282.527480 1.263785E-5 1
104 104 3282.600740 1.263785E-5 1
105 105 3282.674000 1.263785E-5 1
106 106 3282.747260 1.263785E-5 1
107 107 3282.820520 1.271193E-5 1
108 108 3282.893780 1.271193E-5 1
109 109 3282.967040 1.263785E-5 1
110 110 3283.040300 1.271193E-5 1
111 111 3283.113560 1.271193E-5 1
112 112 3283.186820 1.263785E-5 1
113 113 3283.260080 1.263785E-5 1
114 114 3283.333340 1.263785E-5 1
115 115 3283.406600 1.263785E-5 1
116 116 3283.479860 1.263785E-5 1
117 117 3283.553120 1.256377E-5 1
118 118 3283.626380 1.256377E-5 1
119 119 3283.699640 1.256377E-5 1
120 120 3283.772900 1.263785E-5 1
121 121 3283.846160 1.256377E-5 1
122 122 3283.919420 1.256377E-5 1
123 123 3283.992680 1.263785E-5 1
124 124 3284.065940 1.263785E-5 1
125 125 3284.139200 1.263785E-5 1
126 126 3284.212460 1.263785E-5 1
127 127 3284.285720 1.263785E-5 1
128 128 3284.358980 1.263785E-5 1
129 129 3284.432240 1.256377E-5 1
130 130 3284.505500 1.256377E-5 1
131 131 3284.578760 1.263785E-5 1
132 132 3284.652020 1.263785E-5 1
133 133 3284.725280 1.263785E-5 1
134 134 3284.798540 1.263785E-5 1
135 135 3284.871800 1.263785E-5 1
136 136 3284.945060 1.263785E-5 1
137 137 3285.018320 1.263785E-5 1
138 138 3285.091580 1.271193E-5 1
139 139 3285.164840 1.278601E-5 1
140 140 3285.238100 1.271193E-5 1
141 141 3285.311360 1.271193E-5 1
142 142 3285.384620 1.271193E-5 1
143 143 3285.457880 1.271193E-5 1
144 144 3285.531140 1.271193E-5 1
145 145 3285.604400 1.271193E-5 1
146 146 3285.677660 1.271193E-5 1
147 147 3285.750920 1.263785E-5 1
148 148 3285.824180 1.263785E-5 1
149 149 3285.897440 1.271193E-5 1
150 150 3285.970700 1.263785E-5 1
151 151 3286.043960 1.256377E-5 1
152 152 3286.117220 1.256377E-5 1
153 153 3286.190480 1.256377E-5 1
154 154 3286.263740 1.256377E-5 1
155 155 3286.337000 1.256377E-5 1
156 156 3286.410260 1.256377E-5 1
157 157 3286.483520 1.256377E-5 1
158 158 3286.556780 1.263785E-5 1
159 159 3286.630040 1.256377E-5 1
160 160 3286.703300 1.263785E-5 1
161 161 3286.776560 1.263785E-5 1
162 162 3286.849820 1.256377E-5 1
163 163 3286.923080 1.248969E-5 1
164 164 3286.996340 1.263785E-5 1
165 165 3287.069600 1.256377E-5 1
166 166 3287.142860 1.263785E-5 1
167 167 3287.216120 1.263785E-5 1
168 168 3287.289380 1.263785E-5 1
169 169 3287.362640 1.271193E-5 1
170 170 3287.435900 1.271193E-5 1
171 171 3287.509160 1.263785E-5 1
172 172 3287.582420 1.271193E-5 1
173 173 3287.655680 1.263785E-5 1
174 174 3287.728940 1.263785E-5 1
175 175 3287.802200 1.263785E-5 1
176 176 3287.875460 1.263785E-5 1
177 177 3287.948720 1.263785E-5 1
178 178 3288.021980 1.263785E-5 1
179 179 3288.095240 1.256377E-5 1
180 180 3288.168500 1.263785E-5 1
181 181 3288.241760 1.263785E-5 1
182 182 3288.315020 1.263785E-5 1
183 183 3288.388280 1.263785E-5 1
184 184 3288.461540 1.263785E-5 1
185 185 3288.534800 1.271193E-5 1
186 186 3288.608060 1.263785E-5 1
187 187 3288.681320 1.271193E-5 1
188 188 3288.754580 1.256377E-5 1
189 189 3288.827840 1.263785E-5 1
190 190 3288.901100 1.271193E-5 1
191 191 3288.974360 1.271193E-5 1
192 192 3289.047620 1.271193E-5 1
193 193 3289.120880 1.263785E-5 1
194 194 3289.194140 1.271193E-5 1
195 195 3289.267400 1.271193E-5 1
196 196 3289.340660 1.278601E-5 1
197 197 3289.413920 1.278601E-5 1
198 198 3289.487180 1.278601E-5 1
199 199 3289.560440 1.278601E-5 1
200 200 3289.633700 1.271193E-5 1
201 201 3289.706960 1.271193E-5 1
202 202 3289.780220 1.271193E-5 1
203 203 3289.853480 1.271193E-5 1
204 204 3289.926740 1.271193E-5 1
205 205 3290.000000 1.271193E-5 1
206 206 3290.073260 1.263785E-5 1
207 207 3290.146520 1.263785E-5 1
208 208 3290.219780 1.263785E-5 1
209 209 3290.293040 1.271193E-5 1
210 210 3290.366300 1.278601E-5 1
211 211 3290.439560 1.271193E-5 1
212 212 3290.512820 1.271193E-5 1
213 213 3290.586080 1.271193E-5 1
214 214 3290.659340 1.271193E-5 1
215 215 3290.732600 1.263785E-5 1
216 216 3290.805860 1.263785E-5 1
217 217 3290.879120 1.263785E-5 1
218 218 3290.952380 1.263785E-5 1
219 219 3291.025640 1.263785E-5 1
220 220 3291.098900 1.263785E-5 1
221 221 3291.172160 1.263785E-5 1
222 222 3291.245420 1.256377E-5 1
223 223 3291.318680 1.256377E-5 1
224 224 3291.391940 1.263785E-5 1
225 225 3291.465200 1.256377E-5 1
226 226 3291.538460 1.263785E-5 1
227 227 3291.611720 1.263785E-5 1
228 228 3291.684980 1.263785E-5 1
229 229 3291.758240 1.256377E-5 1
230 230 3291.831500 1.263785E-5 1
231 231 3291.904760 1.263785E-5 1
232 232 3291.978020 1.263785E-5 1
233 233 3292.051280 1.263785E-5 1
234 234 3292.124540 1.263785E-5 1
235 235 3292.197800 1.271193E-5 1
236 236 3292.271060 1.271193E-5 1
237 237 3292.344320 1.263785E-5 1
238 238 3292.417580 1.263785E-5 1
239 239 3292.490840 1.263785E-5 1
240 240 3292.564100 1.263785E-5 1
241 241 3292.637360 1.263785E-5 1
242 242 3292.710620 1.263785E-5 1
243 243 3292.783880 1.263785E-5 1
244 244 3292.857140 1.263785E-5 1
245 245 3292.930400 1.263785E-5 1
246 246 3293.003660 1.256377E-5 1
247 247 3293.076920 1.256377E-5 1
248 248 3293.150180 1.256377E-5 1
249 249 3293.223440 1.256377E-5 1
250 250 3293.296700 1.263785E-5 1
251 251 3293.369960 1.263785E-5 1
252 252 3293.443220 1.263785E-5 1
253 253 3293.516480 1.271193E-5 1
254 254 3293.589740 1.271193E-5 1
255 255 3293.663000 1.271193E-5 1
256 256 3293.736260 1.263785E-5 1
257 257 3293.809520 1.263785E-5 1
258 258 3293.882780 1.263785E-5 1
259 259 3293.956040 1.263785E-5 1
260 260 3294.029300 1.263785E-5 1
261 261 3294.102560 1.271193E-5 1
262 262 3294.175820 1.271193E-5 1
263 263 3294.249080 1.263785E-5 1
264 264 3294.322340 1.263785E-5 1
265 265 3294.395600 1.263785E-5 1
266 266 3294.468860 1.263785E-5 1
267 267 3294.542120 1.263785E-5 1
268 268 3294.615380 1.263785E-5 1
269 269 3294.688640 1.263785E-5 1
270 270 3294.761900 1.263785E-5 1
271 271 3294.835160 1.263785E-5 1
272 272 3294.908420 1.263785E-5 1
273 273 3294.981680 1.256377E-5 1
274 274 3295.054940 1.256377E-5 1
275 275 3295.128200 1.263785E-5 1
276 276 3295.201460 1.271193E-5 1
277 277 3295.274720 1.263785E-5 1
278 278 3295.347980 1.263785E-5 1
279 279 3295.421240 1.263785E-5 1
280 280 3295.494500 1.263785E-5 1
281 281 3295.567760 1.263785E-5 1
282 282 3295.641020 1.271193E-5 1
283 283 3295.714280 1.263785E-5 1
284 284 3295.787540 1.263785E-5 1
285 285 3295.860800 1.256377E-5 1
286 286 3295.934060 1.256377E-5 1
287 287 3296.007320 1.263785E-5 1
288 288 3296.080580 1.263785E-5 1
289 289 3296.153840 1.263785E-5 1
290 290 3296.227100 1.263785E-5 1
291 291 3296.300360 1.256377E-5 1
292 292 3296.373620 1.263785E-5 1
293 293 3296.446880 1.256377E-5 1
294 294 3296.520140 1.256377E-5 1
295 295 3296.593400 1.256377E-5 1
296 296 3296.666660 1.256377E-5 1
297 297 3296.739920 1.256377E-5 1
298 298 3296.813180 1.256377E-5 1
299 299 3296.886440 1.256377E-5 1
300 300 3296.959700 1.263785E-5 1
301 301 3297.032960 1.256377E-5 1
302 302 3297.106220 1.256377E-5 1
303 303 3297.179480 1.256377E-5 1
304 304 3297.252740 1.256377E-5 1
305 305 3297.326000 1.263785E-5 1
306 306 3297.399260 1.263785E-5 1
307 307 3297.472520 1.271193E-5 1
308 308 3297.545780 1.263785E-5 1
309 309 3297.619040 1.271193E-5 1
310 310 3297.692300 1.271193E-5 1
311 311 3297.765560 1.263785E-5 1
312 312 3297.838820 1.271193E-5 1
313 313 3297.912080 1.271193E-5 1
314 314 3297.985340 1.271193E-5 1
315 315 3298.058600 1.271193E-5 1
316 316 3298.131860 1.271193E-5 1
317 317 3298.205120 1.263785E-5 1
318 318 3298.278380 1.271193E-5 1
319 319 3298.351640 1.271193E-5 1
320 320 3298.424900 1.278601E-5 1
321 321 3298.498160 1.271193E-5 1
322 322 3298.571420 1.263785E-5 1
323 323 3298.644680 1.271193E-5 1
324 324 3298.717940 1.271193E-5 1
325 325 3298.791200 1.263785E-5 1
326 326 3298.864460 1.263785E-5 1
327 327 3298.937720 1.263785E-5 1
328 328 3299.010980 1.256377E-5 1
329 329 3299.084240 1.263785E-5 1
330 330 3299.157500 1.256377E-5 1
331 331 3299.230760 1.263785E-5 1
332 332 3299.304020 1.263785E-5 1
333 333 3299.377280 1.263785E-5 1
334 334 3299.450540 1.271193E-5 1
335 335 3299.523800 1.271193E-5 1
336 336 3299.597060 1.263785E-5 1
337 337 3299.670320 1.271193E-5 1
338 338 3299.743580 1.263785E-5 1
339 339 3299.816840 1.263785E-5 1
340 340 3299.890100 1.271193E-5 1
341 341 3299.963360 1.263785E-5 1
342 342 3300.036640 1.263785E-5 1
343 343 3300.109900 1.263785E-5 1
344 344 3300.183160 1.263785E-5 1
345 345 3300.256420 1.263785E-5 1
346 346 3300.329680 1.263785E-5 1
347 347 3300.402940 1.271193E-5 1
348 348 3300.476200 1.271193E-5 1
349 349 3300.549460 1.263785E-5 1
350 350 3300.622720 1.271193E-5 1
351 351 3300.695980 1.271193E-5 1
352 352 3300.769240 1.263785E-5 1
353 353 3300.842500 1.263785E-5 1
354 354 3300.915760 1.271193E-5 1
355 355 3300.989020 1.271193E-5 1
356 356 3301.062280 1.263785E-5 1
357 357 3301.135540 1.263785E-5 1
358 358 3301.208800 1.256377E-5 1
359 359 3301.282060 1.263785E-5 1
360 360 3301.355320 1.263785E-5 1
361 361 3301.428580 1.263785E-5 1
362 362 3301.501840 1.271193E-5 1
363 363 3301.575100 1.263785E-5 1
364 364 3301.648360 1.263785E-5 1
365 365 3301.721620 1.263785E-5 1
366 366 3301.794880 1.271193E-5 1
367 367 3301.868140 1.263785E-5 1
368 368 3301.941400 1.263785E-5 1
369 369 3302.014660 1.271193E-5 1
370 370 3302.087920 1.263785E-5 1
371 371 3302.161180 1.263785E-5 1
372 372 3302.234440 1.263785E-5 1
373 373 3302.307700 1.271193E-5 1
374 374 3302.380960 1.271193E-5 1
375 375 3302.454220 1.263785E-5 1
376 376 3302.527480 1.263785E-5 1
377 377 3302.600740 1.256377E-5 1
378 378 3302.674000 1.256377E-5 1
379 379 3302.747260 1.248969E-5 1
380 380 3302.820520 1.248969E-5 1
381 381 3302.893780 1.248969E-5 1
382 382 3302.967040 1.248969E-5 1
383 383 3303.040300 1.256377E-5 1
384 384 3303.113560 1.256377E-5 1
385 385 3303.186820 1.256377E-5 1
386 386 3303.260080 1.263785E-5 1
387 387 3303.333340 1.256377E-5 1
388 388 3303.406600 1.256377E-5 1
389 389 3303.479860 1.263785E-5 1
390 390 3303.553120 1.263785E-5 1
391 391 3303.626380 1.263785E-5 1
392 392 3303.699640 1.271193E-5 1
393 393 3303.772900 1.271193E-5 1
394 394 3303.846160 1.271193E-5 1
395 395 3303.919420 1.271193E-5 1
396 396 3303.992680 1.271193E-5 1
397 397 3304.065940 1.271193E-5 1
398 398 3304.139200 1.271193E-5 1
399 399 3304.212460 1.263785E-5 1
400 400 3304.285720 1.271193E-5 1
401 401 3304.358980 1.271193E-5 1
402 402 3304.432240 1.271193E-5 1
403 403 3304.505500 1.263785E-5 1
404 404 3304.578760 1.271193E-5 1
405 405 3304.652020 1.271193E-5 1
406 406 3304.725280 1.271193E-5 1
407 407 3304.798540 1.263785E-5 1
408 408 3304.871800 1.271193E-5 1
409 409 3304.945060 1.263785E-5 1
410 410 3305.018320 1.263785E-5 1
411 411 3305.091580 1.263785E-5 1
412 412 3305.164840 1.263785E-5 1
413 413 3305.238100 1.256377E-5 1
414 414 3305.311360 1.256377E-5 1
415 415 3305.384620 1.263785E-5 1
416 416 3305.457880 1.263785E-5 1
417 417 3305.531140 1.278601E-5 1
418 418 3305.604400 1.271193E-5 1
419 419 3305.677660 1.271193E-5 1
420 420 3305.750920 1.263785E-5 1
421 421 3305.824180 1.263785E-5 1
422 422 3305.897440 1.271193E-5 1
423 423 3305.970700 1.263785E-5 1
424 424 3306.043960 1.263785E-5 1
425 425 3306.117220 1.256377E-5 1
426 426 3306.190480 1.256377E-5 1
427 427 3306.263740 1.263785E-5 1
428 428 3306.337000 1.263785E-5 1
429 429 3306.410260 1.263785E-5 1
430 430 3306.483520 1.263785E-5 1
431 431 3306.556780 1.263785E-5 1
432 432 3306.630040 1.263785E-5 1
433 433 3306.703300 1.263785E-5 1
434 434 3306.776560 1.263785E-5 1
435 435 3306.849820 1.263785E-5 1
436 436 3306.923080 1.271193E-5 1
437 437 3306.996340 1.271193E-5 1
438 438 3307.069600 1.271193E-5 1
439 439 3307.142860 1.271193E-5 1
440 440 3307.216120 1.271193E-5 1
441 441 3307.289380 1.263785E-5 1
442 442 3307.362640 1.263785E-5 1
443 443 3307.435900 1.263785E-5 1
444 444 3307.509160 1.271193E-5 1
445 445 3307.582420 1.263785E-5 1
446 446 3307.655680 1.256377E-5 1
447 447 3307.728940 1.263785E-5 1
448 448 3307.802200 1.263785E-5 1
449 449 3307.875460 1.271193E-5 1
450 450 3307.948720 1.263785E-5 1
451 451 3308.021980 1.263785E-5 1
452 452 3308.095240 1.263785E-5 1
453 453 3308.168500 1.271193E-5 1
454 454 3308.241760 1.271193E-5 1
455 455 3308.315020 1.271193E-5 1
456 456 3308.388280 1.263785E-5 1
457 457 3308.461540 1.263785E-5 1
458 458 3308.534800 1.278601E-5 1
459 459 3308.608060 1.271193E-5 1
460 460 3308.681320 1.271193E-5 1
461 461 3308.754580 1.271193E-5 1
462 462 3308.827840 1.263785E-5 1
463 463 3308.901100 1.271193E-5 1
464 464 3308.974360 1.271193E-5 1
465 465 3309.047620 1.271193E-5 1
466 466 3309.120880 1.263785E-5 1
467 467 3309.194140 1.263785E-5 1
468 468 3309.267400 1.263785E-5 1
469 469 3309.340660 1.271193E-5 1
470 470 3309.413920 1.271193E-5 1
471 471 3309.487180 1.271193E-5 1
472 472 3309.560440 1.271193E-5 1
473 473 3309.633700 1.271193E-5 1
474 474 3309.706960 1.271193E-5 1
475 475 3309.780220 1.271193E-5 1
476 476 3309.853480 1.278601E-5 1
477 477 3309.926740 1.271193E-5 1
478 478 3310.000000 1.263785E-5 1
479 479 3310.073260 1.263785E-5 1
480 480 3310.146520 1.271193E-5 1
481 481 3310.219780 1.263785E-5 1
482 482 3310.293040 1.263785E-5 1
483 483 3310.366300 1.263785E-5 1
484 484 3310.439560 1.263785E-5 1
485 485 3310.512820 1.263785E-5 1
486 486 3310.586080 1.263785E-5 1
487 487 3310.659340 1.271193E-5 1
488 488 3310.732600 1.263785E-5 1
489 489 3310.805860 1.263785E-5 1
490 490 3310.879120 1.256377E-5 1
491 491 3310.952380 1.256377E-5 1
492 492 3311.025640 1.263785E-5 1
493 493 3311.098900 1.263785E-5 1
494 494 3311.172160 1.271193E-5 1
495 495 3311.245420 1.271193E-5 1
496 496 3311.318680 1.271193E-5 1
497 497 3311.391940 1.263785E-5 1
498 498 3311.465200 1.263785E-5 1
499 499 3311.538460 1.271193E-5 1
500 500 3311.611720 1.263785E-5 1
501 501 3311.684980 1.263785E-5 1
502 502 3311.758240 1.263785E-5 1
503 503 3311.831500 1.263785E-5 1
504 504 3311.904760 1.263785E-5 1
505 505 3311.978020 1.263785E-5 1
506 506 3312.051280 1.256377E-5 1
507 507 3312.124540 1.256377E-5 1
508 508 3312.197800 1.263785E-5 1
509 509 3312.271060 1.263785E-5 1
510 510 3312.344320 1.263785E-5 1
511 511 3312.417580 1.256377E-5 1
512 512 3312.490840 1.263785E-5 1
513 513 3312.564100 1.263785E-5 1
514 514 3312.637360 1.271193E-5 1
515 515 3312.710620 1.271193E-5 1
516 516 3312.783880 1.271193E-5 1
517 517 3312.857140 1.271193E-5 1
518 518 3312.930400 1.263785E-5 1
519 519 3313.003660 1.263785E-5 1
520 520 3313.076920 1.263785E-5 1
521 521 3313.150180 1.263785E-5 1
522 522 3313.223440 1.263785E-5 1
523 523 3313.296700 1.256377E-5 1
524 524 3313.369960 1.256377E-5 1
525 525 3313.443220 1.263785E-5 1
526 526 3313.516480 1.256377E-5 1
527 527 3313.589740 1.263785E-5 1
528 528 3313.663000 1.263785E-5 1
529 529 3313.736260 1.263785E-5 1
530 530 3313.809520 1.263785E-5 1
531 531 3313.882780 1.271193E-5 1
532 532 3313.956040 1.271193E-5 1
533 533 3314.029300 1.271193E-5 1
534 534 3314.102560 1.271193E-5 1
535 535 3314.175820 1.271193E-5 1
536 536 3314.249080 1.271193E-5 1
537 537 3314.322340 1.263785E-5 1
538 538 3314.395600 1.263785E-5 1
539 539 3314.468860 1.263785E-5 1
540 540 3314.542120 1.263785E-5 1
541 541 3314.615380 1.263785E-5 1
542 542 3314.688640 1.263785E-5 1
543 543 3314.761900 1.256377E-5 1
544 544 3314.835160 1.256377E-5 1
545 545 3314.908420 1.263785E-5 1
546 546 3314.981680 1.263785E-5 1
547 547 3315.054940 1.263785E-5 1
548 548 3315.128200 1.263785E-5 1
549 549 3315.201460 1.263785E-5 1
550 550 3315.274720 1.271193E-5 1
551 551 3315.347980 1.263785E-5 1
552 552 3315.421240 1.263785E-5 1
553 553 3315.494500 1.271193E-5 1
554 554 3315.567760 1.263785E-5 1
555 555 3315.641020 1.271193E-5 1
556 556 3315.714280 1.271193E-5 1
557 557 3315.787540 1.263785E-5 1
558 558 3315.860800 1.271193E-5 1
559 559 3315.934060 1.263785E-5 1
560 560 3316.007320 1.263785E-5 1
561 561 3316.080580 1.263785E-5 1
562 562 3316.153840 1.263785E-5 1
563 563 3316.227100 1.256377E-5 1
564 564 3316.300360 1.263785E-5 1
565 565 3316.373620 1.263785E-5 1
566 566 3316.446880 1.256377E-5 1
567 567 3316.520140 1.256377E-5 1
568 568 3316.593400 1.263785E-5 1
569 569 3316.666660 1.256377E-5 1
570 570 3316.739920 1.263785E-5 1
571 571 3316.813180 1.271193E-5 1
572 572 3316.886440 1.271193E-5 1
573 573 3316.959700 1.263785E-5 1
574 574 3317.032960 1.271193E-5 1
575 575 3317.106220 1.263785E-5 1
576 576 3317.179480 1.271193E-5 1
577 577 3317.252740 1.278601E-5 1
578 578 3317.326000 1.278601E-5 1
579 579 3317.399260 1.278601E-5 1
580 580 3317.472520 1.271193E-5 1
581 581 3317.545780 1.278601E-5 1
582 582 3317.619040 1.278601E-5 1
583 583 3317.692300 1.271193E-5 1
584 584 3317.765560 1.271193E-5 1
585 585 3317.838820 1.278601E-5 1
586 586 3317.912080 1.271193E-5 1
587 587 3317.985340 1.278601E-5 1
588 588 3318.058600 1.271193E-5 1
589 589 3318.131860 1.271193E-5 1
590 590 3318.205120 1.271193E-5 1
591 591 3318.278380 1.263785E-5 1
592 592 3318.351640 1.271193E-5 1
593 593 3318.424900 1.271193E-5 1
594 594 3318.498160 1.278601E-5 1
595 595 3318.571420 1.271193E-5 1
596 596 3318.644680 1.271193E-5 1
597 597 3318.717940 1.271193E-5 1
598 598 3318.791200 1.271193E-5 1
599 599 3318.864460 1.263785E-5 1
600 600 3318.937720 1.271193E-5 1
601 601 3319.010980 1.263785E-5 1
602 602 3319.084240 1.271193E-5 1
603 603 3319.157500 1.271193E-5 1
604 604 3319.230760 1.263785E-5 1
605 605 3319.304020 1.263785E-5 1
606 606 3319.377280 1.263785E-5 1
607 607 3319.450540 1.263785E-5 1
608 608 3319.523800 1.263785E-5 1
609 609 3319.597060 1.263785E-5 1
610 610 3319.670320 1.256377E-5 1
611 611 3319.743580 1.256377E-5 1
612 612 3319.816840 1.256377E-5 1
613 613 3319.890100 1.256377E-5 1
614 614 3319.963360 1.256377E-5 1
615 615 3320.036640 1.256377E-5 1
616 616 3320.109900 1.256377E-5 1
617 617 3320.183160 1.256377E-5 1
618 618 3320.256420 1.263785E-5 1
619 619 3320.329680 1.263785E-5 1
620 620 3320.402940 1.263785E-5 1
621 621 3320.476200 1.263785E-5 1
622 622 3320.549460 1.271193E-5 1
623 623 3320.622720 1.271193E-5 1
624 624 3320.695980 1.271193E-5 1
625 625 3320.769240 1.278601E-5 1
626 626 3320.842500 1.286009E-5 1
627 627 3320.915760 1.278601E-5 1
628 628 3320.989020 1.278601E-5 1
629 629 3321.062280 1.271193E-5 1
630 630 3321.135540 1.278601E-5 1
631 631 3321.208800 1.278601E-5 1
632 632 3321.282060 1.271193E-5 1
633 633 3321.355320 1.271193E-5 1
634 634 3321.428580 1.271193E-5 1
635 635 3321.501840 1.271193E-5 1
636 636 3321.575100 1.263785E-5 1
637 637 3321.648360 1.263785E-5 1
638 638 3321.721620 1.263785E-5 1
639 639 3321.794880 1.263785E-5 1
640 640 3321.868140 1.271193E-5 1
641 641 3321.941400 1.263785E-5 1
642 642 3322.014660 1.263785E-5 1
643 643 3322.087920 1.263785E-5 1
644 644 3322.161180 1.263785E-5 1
645 645 3322.234440 1.263785E-5 1
646 646 3322.307700 1.263785E-5 1
647 647 3322.380960 1.271193E-5 1
648 648 3322.454220 1.263785E-5 1
649 649 3322.527480 1.263785E-5 1
650 650 3322.600740 1.263785E-5 1
651 651 3322.674000 1.271193E-5 1
652 652 3322.747260 1.263785E-5 1
653 653 3322.820520 1.263785E-5 1
654 654 3322.893780 1.263785E-5 1
655 655 3322.967040 1.263785E-5 1
656 656 3323.040300 1.271193E-5 1
657 657 3323.113560 1.271193E-5 1
658 658 3323.186820 1.263785E-5 1
659 659 3323.260080 1.278601E-5 1
660 660 3323.333340 1.271193E-5 1
661 661 3323.406600 1.271193E-5 1
662 662 3323.479860 1.271193E-5 1
663 663 3323.553120 1.271193E-5 1
664 664 3323.626380 1.271193E-5 1
665 665 3323.699640 1.271193E-5 1
666 666 3323.772900 1.271193E-5 1
667 667 3323.846160 1.271193E-5 1
668 668 3323.919420 1.271193E-5 1
669 669 3323.992680 1.271193E-5 1
670 670 3324.065940 1.271193E-5 1
671 671 3324.139200 1.271193E-5 1
672 672 3324.212460 1.263785E-5 1
673 673 3324.285720 1.271193E-5 1
674 674 3324.358980 1.271193E-5 1
675 675 3324.432240 1.271193E-5 1
676 676 3324.505500 1.278601E-5 1
677 677 3324.578760 1.278601E-5 1
678 678 3324.652020 1.271193E-5 1
679 679 3324.725280 1.278601E-5 1
680 680 3324.798540 1.271193E-5 1
681 681 3324.871800 1.263785E-5 1
682 682 3324.945060 1.263785E-5 1
683 683 3325.018320 1.263785E-5 1
684 684 3325.091580 1.256377E-5 1
685 685 3325.164840 1.263785E-5 1
686 686 3325.238100 1.263785E-5 1
687 687 3325.311360 1.263785E-5 1
688 688 3325.384620 1.271193E-5 1
689 689 3325.457880 1.263785E-5 1
690 690 3325.531140 1.271193E-5 1
691 691 3325.604400 1.271193E-5 1
692 692 3325.677660 1.271193E-5 1
693 693 3325.750920 1.271193E-5 1
694 694 3325.824180 1.271193E-5 1
695 695 3325.897440 1.263785E-5 1
696 696 3325.970700 1.263785E-5 1
697 697 3326.043960 1.263785E-5 1
698 698 3326.117220 1.271193E-5 1
699 699 3326.190480 1.271193E-5 1
700 700 3326.263740 1.271193E-5 1
701 701 3326.337000 1.271193E-5 1
702 702 3326.410260 1.263785E-5 1
703 703 3326.483520 1.271193E-5 1
704 704 3326.556780 1.278601E-5 1
705 705 3326.630040 1.271193E-5 1
706 706 3326.703300 1.271193E-5 1
707 707 3326.776560 1.278601E-5 1
708 708 3326.849820 1.278601E-5 1
709 709 3326.923080 1.271193E-5 1
710 710 3326.996340 1.278601E-5 1
711 711 3327.069600 1.271193E-5 1
712 712 3327.142860 1.278601E-5 1
713 713 3327.216120 1.278601E-5 1
714 714 3327.289380 1.278601E-5 1
715 715 3327.362640 1.278601E-5 1
716 716 3327.435900 1.278601E-5 1
717 717 3327.509160 1.271193E-5 1
718 718 3327.582420 1.271193E-5 1
719 719 3327.655680 1.271193E-5 1
720 720 3327.728940 1.271193E-5 1
721 721 3327.802200 1.278601E-5 1
722 722 3327.875460 1.271193E-5 1
723 723 3327.948720 1.278601E-5 1
724 724 3328.021980 1.278601E-5 1
725 725 3328.095240 1.278601E-5 1
726 726 3328.168500 1.278601E-5 1
727 727 3328.241760 1.278601E-5 1
728 728 3328.315020 1.278601E-5 1
729 729 3328.388280 1.286009E-5 1
730 730 3328.461540 1.278601E-5 1
731 731 3328.534800 1.271193E-5 1
732 732 3328.608060 1.278601E-5 1
733 733 3328.681320 1.278601E-5 1
734 734 3328.754580 1.271193E-5 1
735 735 3328.827840 1.271193E-5 1
736 736 3328.901100 1.271193E-5 1
737 737 3328.974360 1.278601E-5 1
738 738 3329.047620 1.278601E-5 1
739 739 3329.120880 1.278601E-5 1
740 740 3329.194140 1.278601E-5 1
741 741 3329.267400 1.278601E-5 1
742 742 3329.340660 1.286009E-5 1
743 743 3329.413920 1.278601E-5 1
744 744 3329.487180 1.286009E-5 1
745 745 3329.560440 1.278601E-5 1
746 746 3329.633700 1.278601E-5 1
747 747 3329.706960 1.278601E-5 1
748 748 3329.780220 1.271193E-5 1
749 749 3329.853480 1.278601E-5 1
750 750 3329.926740 1.278601E-5 1
751 751 3330.000000 1.278601E-5 1
752 752 3330.073260 1.271193E-5 1
753 753 3330.146520 1.278601E-5 1
754 754 3330.219780 1.278601E-5 1
755 755 3330.293040 1.286009E-5 1
756 756 3330.366300 1.278601E-5 1
757 757 3330.439560 1.286009E-5 1
758 758 3330.512820 1.278601E-5 1
759 759 3330.586080 1.286009E-5 1
760 760 3330.659340 1.278601E-5 1
761 761 3330.732600 1.278601E-5 1
762 762 3330.805860 1.278601E-5 1
763 763 3330.879120 1.286009E-5 1
764 764 3330.952380 1.278601E-5 1
765 765 3331.025640 1.278601E-5 1
766 766 3331.098900 1.278601E-5 1
767 767 3331.172160 1.278601E-5 1
768 768 3331.245420 1.278601E-5 1
769 769 3331.318680 1.293417E-5 1
770 770 3331.391940 1.286009E-5 1
771 771 3331.465200 1.286009E-5 1
772 772 3331.538460 1.293417E-5 1
773 773 3331.611720 1.300824E-5 1
774 774 3331.684980 1.286009E-5 1
775 775 3331.758240 1.278601E-5 1
776 776 3331.831500 1.278601E-5 1
777 777 3331.904760 1.286009E-5 1
778 778 3331.978020 1.286009E-5 1
779 779 3332.051280 1.278601E-5 1
780 780 3332.124540 1.278601E-5 1
781 781 3332.197800 1.286009E-5 1
782 782 3332.271060 1.278601E-5 1
783 783 3332.344320 1.278601E-5 1
784 784 3332.417580 1.278601E-5 1
785 785 3332.490840 1.278601E-5 1
786 786 3332.564100 1.278601E-5 1
787 787 3332.637360 1.278601E-5 1
788 788 3332.710620 1.278601E-5 1
789 789 3332.783880 1.278601E-5 1
790 790 3332.857140 1.278601E-5 1
791 791 3332.930400 1.278601E-5 1
792 792 3333.003660 1.278601E-5 1
793 793 3333.076920 1.278601E-5 1
794 794 3333.150180 1.286009E-5 1
795 795 3333.223440 1.286009E-5 1
796 796 3333.296700 1.286009E-5 1
797 797 3333.369960 1.286009E-5 1
798 798 3333.443220 1.286009E-5 1
799 799 3333.516480 1.286009E-5 1
800 800 3333.589740 1.286009E-5 1
801 801 3333.663000 1.278601E-5 1
802 802 3333.736260 1.278601E-5 1
803 803 3333.809520 1.286009E-5 1
804 804 3333.882780 1.286009E-5 1
805 805 3333.956040 1.293417E-5 1
806 806 3334.029300 1.278601E-5 1
807 807 3334.102560 1.271193E-5 1
808 808 3334.175820 1.271193E-5 1
809 809 3334.249080 1.278601E-5 1
810 810 3334.322340 1.286009E-5 1
811 811 3334.395600 1.286009E-5 1
812 812 3334.468860 1.293417E-5 1
813 813 3334.542120 1.286009E-5 1
814 814 3334.615380 1.286009E-5 1
815 815 3334.688640 1.278601E-5 1
816 816 3334.761900 1.278601E-5 1
817 817 3334.835160 1.278601E-5 1
818 818 3334.908420 1.278601E-5 1
819 819 3334.981680 1.278601E-5 1
820 820 3335.054940 1.286009E-5 1
821 821 3335.128200 1.278601E-5 1
822 822 3335.201460 1.278601E-5 1
823 823 3335.274720 1.278601E-5 1
824 824 3335.347980 1.278601E-5 1
825 825 3335.421240 1.286009E-5 1
826 826 3335.494500 1.286009E-5 1
827 827 3335.567760 1.286009E-5 1
828 828 3335.641020 1.293417E-5 1
829 829 3335.714280 1.286009E-5 1
830 830 3335.787540 1.278601E-5 1
831 831 3335.860800 1.293417E-5 1
832 832 3335.934060 1.286009E-5 1
833 833 3336.007320 1.293417E-5 1
834 834 3336.080580 1.286009E-5 1
835 835 3336.153840 1.293417E-5 1
836 836 3336.227100 1.293417E-5 1
837 837 3336.300360 1.286009E-5 1
838 838 3336.373620 1.286009E-5 1
839 839 3336.446880 1.293417E-5 1
840 840 3336.520140 1.286009E-5 1
841 841 3336.593400 1.286009E-5 1
842 842 3336.666660 1.286009E-5 1
843 843 3336.739920 1.300824E-5 1
844 844 3336.813180 1.293417E-5 1
845 845 3336.886440 1.286009E-5 1
846 846 3336.959700 1.278601E-5 1
847 847 3337.032960 1.278601E-5 1
848 848 3337.106220 1.286009E-5 1
849 849 3337.179480 1.286009E-5 1
850 850 3337.252740 1.286009E-5 1
851 851 3337.326000 1.286009E-5 1
852 852 3337.399260 1.286009E-5 1
853 853 3337.472520 1.286009E-5 1
854 854 3337.545780 1.286009E-5 1
855 855 3337.619040 1.278601E-5 1
856 856 3337.692300 1.286009E-5 1
857 857 3337.765560 1.286009E-5 1
858 858 3337.838820 1.286009E-5 1
859 859 3337.912080 1.278601E-5 1
860 860 3337.985340 1.286009E-5 1
861 861 3338.058600 1.286009E-5 1
862 862 3338.131860 1.286009E-5 1
863 863 3338.205120 1.286009E-5 1
864 864 3338.278380 1.293417E-5 1
865 865 3338.351640 1.286009E-5 1
866 866 3338.424900 1.286009E-5 1
867 867 3338.498160 1.293417E-5 1
868 868 3338.571420 1.293417E-5 1
869 869 3338.644680 1.293417E-5 1
870 870 3338.717940 1.300824E-5 1
871 871 3338.791200 1.300824E-5 1
872 872 3338.864460 1.300824E-5 1
873 873 3338.937720 1.300824E-5 1
874 874 3339.010980 1.293417E-5 1
875 875 3339.084240 1.300824E-5 1
876 876 3339.157500 1.293417E-5 1
877 877 3339.230760 1.293417E-5 1
878 878 3339.304020 1.300824E-5 1
879 879 3339.377280 1.293417E-5 1
880 880 3339.450540 1.300824E-5 1
881 881 3339.523800 1.300824E-5 1
882 882 3339.597060 1.308232E-5 1
883 883 3339.670320 1.300824E-5 1
884 884 3339.743580 1.300824E-5 1
885 885 3339.816840 1.300824E-5 1
886 886 3339.890100 1.300824E-5 1
887 887 3339.963360 1.300824E-5 1
888 888 3340.036640 1.300824E-5 1
889 889 3340.109900 1.300824E-5 1
890 890 3340.183160 1.308232E-5 1
891 891 3340.256420 1.300824E-5 1
892 892 3340.329680 1.300824E-5 1
893 893 3340.402940 1.308232E-5 1
894 894 3340.476200 1.308232E-5 1
895 895 3340.549460 1.315640E-5 1
896 896 3340.622720 1.308232E-5 1
897 897 3340.695980 1.315640E-5 1
898 898 3340.769240 1.308232E-5 1
899 899 3340.842500 1.308232E-5 1
900 900 3340.915760 1.308232E-5 1
901 901 3340.989020 1.308232E-5 1
902 902 3341.062280 1.300824E-5 1
903 903 3341.135540 1.300824E-5 1
904 904 3341.208800 1.300824E-5 1
905 905 3341.282060 1.300824E-5 1
906 906 3341.355320 1.300824E-5 1
907 907 3341.428580 1.293417E-5 1
908 908 3341.501840 1.308232E-5 1
909 909 3341.575100 1.300824E-5 1
910 910 3341.648360 1.308232E-5 1
911 911 3341.721620 1.300824E-5 1
912 912 3341.794880 1.308232E-5 1
913 913 3341.868140 1.315640E-5 1
914 914 3341.941400 1.315640E-5 1
915 915 3342.014660 1.315640E-5 1
916 916 3342.087920 1.323048E-5 1
917 917 3342.161180 1.323048E-5 1
918 918 3342.234440 1.315640E-5 1
919 919 3342.307700 1.315640E-5 1
920 920 3342.380960 1.323048E-5 1
921 921 3342.454220 1.323048E-5 1
922 922 3342.527480 1.323048E-5 1
923 923 3342.600740 1.323048E-5 1
924 924 3342.674000 1.315640E-5 1
925 925 3342.747260 1.330456E-5 1
926 926 3342.820520 1.330456E-5 1
927 927 3342.893780 1.330456E-5 1
928 928 3342.967040 1.337864E-5 1
929 929 3343.040300 1.337864E-5 1
930 930 3343.113560 1.330456E-5 1
931 931 3343.186820 1.330456E-5 1
932 932 3343.260080 1.330456E-5 1
933 933 3343.333340 1.330456E-5 1
934 934 3343.406600 1.337864E-5 1
935 935 3343.479860 1.345272E-5 1
936 936 3343.553120 1.345272E-5 1
937 937 3343.626380 1.345272E-5 1
938 938 3343.699640 1.337864E-5 1
939 939 3343.772900 1.337864E-5 1
940 940 3343.846160 1.337864E-5 1
941 941 3343.919420 1.330456E-5 1
942 942 3343.992680 1.337864E-5 1
943 943 3344.065940 1.337864E-5 1
944 944 3344.139200 1.345272E-5 1
945 945 3344.212460 1.345272E-5 1
946 946 3344.285720 1.345272E-5 1
947 947 3344.358980 1.345272E-5 1
948 948 3344.432240 1.337864E-5 1
949 949 3344.505500 1.345272E-5 1
950 950 3344.578760 1.330456E-5 1
951 951 3344.652020 1.337864E-5 1
952 952 3344.725280 1.337864E-5 1
953 953 3344.798540 1.337864E-5 1
954 954 3344.871800 1.337864E-5 1
955 955 3344.945060 1.345272E-5 1
956 956 3345.018320 1.345272E-5 1
957 957 3345.091580 1.352680E-5 1
958 958 3345.164840 1.352680E-5 1
959 959 3345.238100 1.352680E-5 1
960 960 3345.311360 1.352680E-5 1
961 961 3345.384620 1.360088E-5 1
962 962 3345.457880 1.352680E-5 1
963 963 3345.531140 1.360088E-5 1
964 964 3345.604400 1.360088E-5 1
965 965 3345.677660 1.367495E-5 1
966 966 3345.750920 1.367495E-5 1
967 967 3345.824180 1.367495E-5 1
968 968 3345.897440 1.367495E-5 1
969 969 3345.970700 1.374903E-5 1
970 970 3346.043960 1.374903E-5 1
971 971 3346.117220 1.382311E-5 1
972 972 3346.190480 1.374903E-5 1
973 973 3346.263740 1.382311E-5 1
974 974 3346.337000 1.389719E-5 1
975 975 3346.410260 1.382311E-5 1
976 976 3346.483520 1.374903E-5 1
977 977 3346.556780 1.382311E-5 1
978 978 3346.630040 1.389719E-5 1
979 979 3346.703300 1.382311E-5 1
980 980 3346.776560 1.382311E-5 1
981 981 3346.849820 1.389719E-5 1
982 982 3346.923080 1.397127E-5 1
983 983 3346.996340 1.397127E-5 1
984 984 3347.069600 1.397127E-5 1
985 985 3347.142860 1.397127E-5 1
986 986 3347.216120 1.404535E-5 1
987 987 3347.289380 1.404535E-5 1
988 988 3347.362640 1.404535E-5 1
989 989 3347.435900 1.419351E-5 1
990 990 3347.509160 1.419351E-5 1
991 991 3347.582420 1.419351E-5 1
992 992 3347.655680 1.419351E-5 1
993 993 3347.728940 1.419351E-5 1
994 994 3347.802200 1.419351E-5 1
995 995 3347.875460 1.419351E-5 1
996 996 3347.948720 1.426759E-5 1
997 997 3348.021980 1.426759E-5 1
998 998 3348.095240 1.426759E-5 1
999 999 3348.168500 1.434166E-5 1
1000 1000 3348.241760 1.434166E-5 1
1001 1001 3348.315020 1.441574E-5 1
1002 1002 3348.388280 1.441574E-5 1
1003 1003 3348.461540 1.448982E-5 1
1004 1004 3348.534800 1.456390E-5 1
1005 1005 3348.608060 1.456390E-5 1
1006 1006 3348.681320 1.463798E-5 1
1007 1007 3348.754580 1.463798E-5 1
1008 1008 3348.827840 1.471206E-5 1
1009 1009 3348.901100 1.471206E-5 1
1010 1010 3348.974360 1.478614E-5 1
1011 1011 3349.047620 1.478614E-5 1
1012 1012 3349.120880 1.486022E-5 1
1013 1013 3349.194140 1.493429E-5 1
1014 1014 3349.267400 1.493429E-5 1
1015 1015 3349.340660 1.500837E-5 1
1016 1016 3349.413920 1.500837E-5 1
1017 1017 3349.487180 1.508245E-5 1
1018 1018 3349.560440 1.515653E-5 1
1019 1019 3349.633700 1.515653E-5 1
1020 1020 3349.706960 1.515653E-5 1
1021 1021 3349.780220 1.523061E-5 1
1022 1022 3349.853480 1.523061E-5 1
1023 1023 3349.926740 1.530469E-5 1
1024 1024 3350.000000 1.537877E-5 1
1025 1025 3350.073260 1.545285E-5 1
1026 1026 3350.146520 1.552693E-5 1
1027 1027 3350.219780 1.560100E-5 1
1028 1028 3350.293040 1.567508E-5 1
1029 1029 3350.366300 1.582324E-5 1
1030 1030 3350.439560 1.589732E-5 1
1031 1031 3350.512820 1.597140E-5 1
1032 1032 3350.586080 1.597140E-5 1
1033 1033 3350.659340 1.611956E-5 1
1034 1034 3350.732600 1.604548E-5 1
1035 1035 3350.805860 1.619364E-5 1
1036 1036 3350.879120 1.626771E-5 1
1037 1037 3350.952380 1.634179E-5 1
1038 1038 3351.025640 1.641587E-5 1
1039 1039 3351.098900 1.648995E-5 1
1040 1040 3351.172160 1.656403E-5 1
1041 1041 3351.245420 1.663811E-5 1
1042 1042 3351.318680 1.686034E-5 1
1043 1043 3351.391940 1.686034E-5 1
1044 1044 3351.465200 1.693442E-5 1
1045 1045 3351.538460 1.700850E-5 1
1046 1046 3351.611720 1.715666E-5 1
1047 1047 3351.684980 1.723074E-5 1
1048 1048 3351.758240 1.737890E-5 1
1049 1049 3351.831500 1.752705E-5 1
1050 1050 3351.904760 1.774929E-5 1
1051 1051 3351.978020 1.782337E-5 1
1052 1052 3352.051280 1.797153E-5 1
1053 1053 3352.124540 1.804561E-5 1
1054 1054 3352.197800 1.826784E-5 1
1055 1055 3352.271060 1.834192E-5 1
1056 1056 3352.344320 1.856416E-5 1
1057 1057 3352.417580 1.863824E-5 1
1058 1058 3352.490840 1.878639E-5 1
1059 1059 3352.564100 1.886047E-5 1
1060 1060 3352.637360 1.900863E-5 1
1061 1061 3352.710620 1.900863E-5 1
1062 1062 3352.783880 1.930495E-5 1
1063 1063 3352.857140 1.937903E-5 1
1064 1064 3352.930400 1.960126E-5 1
1065 1065 3353.003660 1.967534E-5 1
1066 1066 3353.076920 1.997166E-5 1
1067 1067 3353.150180 2.026797E-5 1
1068 1068 3353.223440 2.063837E-5 1
1069 1069 3353.296700 2.071244E-5 1
1070 1070 3353.369960 2.086060E-5 1
1071 1071 3353.443220 2.100876E-5 1
1072 1072 3353.516480 2.115692E-5 1
1073 1073 3353.589740 2.137915E-5 1
1074 1074 3353.663000 2.160139E-5 1
1075 1075 3353.736260 2.174955E-5 1
1076 1076 3353.809520 2.204586E-5 1
1077 1077 3353.882780 2.219402E-5 1
1078 1078 3353.956040 2.256442E-5 1
1079 1079 3354.029300 2.271257E-5 1
1080 1080 3354.102560 2.308297E-5 1
1081 1081 3354.175820 2.330520E-5 1
1082 1082 3354.249080 2.367560E-5 1
1083 1083 3354.322340 2.382376E-5 1
1084 1084 3354.395600 2.419415E-5 1
1085 1085 3354.468860 2.434231E-5 1
1086 1086 3354.542120 2.486086E-5 1
1087 1087 3354.615380 2.493494E-5 1
1088 1088 3354.688640 2.537941E-5 1
1089 1089 3354.761900 2.560165E-5 1
1090 1090 3354.835160 2.604612E-5 1
1091 1091 3354.908420 2.626836E-5 1
1092 1092 3354.981680 2.678691E-5 1
1093 1093 3355.054940 2.700915E-5 1
1094 1094 3355.128200 2.745362E-5 1
1095 1095 3355.201460 2.804625E-5 1
1096 1096 3355.274720 2.826849E-5 1
1097 1097 3355.347980 2.878704E-5 1
1098 1098 3355.421240 2.893520E-5 1
1099 1099 3355.494500 2.945375E-5 1
1100 1100 3355.567760 2.960191E-5 1
1101 1101 3355.641020 3.012046E-5 1
1102 1102 3355.714280 3.041677E-5 1
1103 1103 3355.787540 3.093532E-5 1
1104 1104 3355.860800 3.130572E-5 1
1105 1105 3355.934060 3.175019E-5 1
1106 1106 3356.007320 3.212059E-5 1
1107 1107 3356.080580 3.256506E-5 1
1108 1108 3356.153840 3.286137E-5 1
1109 1109 3356.227100 3.345401E-5 1
1110 1110 3356.300360 3.367624E-5 1
1111 1111 3356.373620 3.419479E-5 1
1112 1112 3356.446880 3.449111E-5 1
1113 1113 3356.520140 3.500966E-5 1
1114 1114 3356.593400 3.530598E-5 1
1115 1115 3356.666660 3.582453E-5 1
1116 1116 3356.739920 3.612084E-5 1
1117 1117 3356.813180 3.663940E-5 1
1118 1118 3356.886440 3.693571E-5 1
1119 1119 3356.959700 3.730611E-5 1
1120 1120 3357.032960 3.760242E-5 1
1121 1121 3357.106220 3.804689E-5 1
1122 1122 3357.179480 3.826913E-5 1
1123 1123 3357.252740 3.863952E-5 1
1124 1124 3357.326000 3.878768E-5 1
1125 1125 3357.399260 3.915808E-5 1
1126 1126 3357.472520 3.930623E-5 1
1127 1127 3357.545780 3.945439E-5 1
1128 1128 3357.619040 3.952847E-5 1
1129 1129 3357.692300 3.960255E-5 1
1130 1130 3357.765560 3.967663E-5 1
1131 1131 3357.838820 3.960255E-5 1
1132 1132 3357.912080 3.952847E-5 1
1133 1133 3357.985340 3.930623E-5 1
1134 1134 3358.058600 3.908400E-5 1
1135 1135 3358.131860 3.871360E-5 1
1136 1136 3358.205120 3.797282E-5 1
1137 1137 3358.278380 3.775058E-5 1
1138 1138 3358.351640 3.708387E-5 1
1139 1139 3358.424900 3.678755E-5 1
1140 1140 3358.498160 3.582453E-5 1
1141 1141 3358.571420 3.530598E-5 1
1142 1142 3358.644680 3.412072E-5 1
1143 1143 3358.717940 3.337993E-5 1
1144 1144 3358.791200 3.197243E-5 1
1145 1145 3358.864460 3.123164E-5 1
1146 1146 3358.937720 2.952783E-5 1
1147 1147 3359.010980 2.849072E-5 1
1148 1148 3359.084240 2.649059E-5 1
1149 1149 3359.157500 2.560165E-5 1
1150 1150 3359.230760 2.308297E-5 1
1151 1151 3359.304020 2.204586E-5 1
1152 1152 3359.377280 1.960126E-5 1
1153 1153 3359.450540 1.849008E-5 1
1154 1154 3359.523800 1.597140E-5 1
1155 1155 3359.597060 1.471206E-5 1
1156 1156 3359.670320 1.226746E-5 1
1157 1157 3359.743580 1.108219E-5 1
1158 1158 3359.816840 8.267199E-6 1
1159 1159 3359.890100 7.156016E-6 1
1160 1160 3359.963360 4.711414E-6 1
1161 1161 3360.036640 3.600232E-6 1
1162 1162 3360.109900 1.229709E-6 1
1163 1163 3360.183160 1.926050E-7 1
1164 1164 3360.256420 -1.955681E-6 1
1165 1165 3360.329680 -4.400283E-6 1
1166 1166 3360.402940 -6.548570E-6 1
1167 1167 3360.476200 -7.141200E-6 1
1168 1168 3360.549460 -8.548699E-6 1
1169 1169 3360.622720 -9.289487E-6 1
1170 1170 3360.695980 -1.040067E-5 1
1171 1171 3360.769240 -1.091922E-5 1
1172 1172 3360.842500 -1.188225E-5 1
1173 1173 3360.915760 -1.225264E-5 1
1174 1174 3360.989020 -1.314159E-5 1
1175 1175 3361.062280 -1.351198E-5 1
1176 1176 3361.135540 -1.410461E-5 1
1177 1177 3361.208800 -1.425277E-5 1
1178 1178 3361.282060 -1.469724E-5 1
1179 1179 3361.355320 -1.484540E-5 1
1180 1180 3361.428580 -1.499356E-5 1
1181 1181 3361.501840 -1.514172E-5 1
1182 1182 3361.575100 -1.521579E-5 1
1183 1183 3361.648360 -1.514172E-5 1
1184 1184 3361.721620 -1.506764E-5 1
1185 1185 3361.794880 -1.499356E-5 1
1186 1186 3361.868140 -1.484540E-5 1
1187 1187 3361.941400 -1.469724E-5 1
1188 1188 3362.014660 -1.432685E-5 1
1189 1189 3362.087920 -1.417869E-5 1
1190 1190 3362.161180 -1.380830E-5 1
1191 1191 3362.234440 -1.358606E-5 1
1192 1192 3362.307700 -1.314159E-5 1
1193 1193 3362.380960 -1.291935E-5 1
1194 1194 3362.454220 -1.247488E-5 1
1195 1195 3362.527480 -1.225264E-5 1
1196 1196 3362.600740 -1.166001E-5 1
1197 1197 3362.674000 -1.143777E-5 1
1198 1198 3362.747260 -1.084514E-5 1
1199 1199 3362.820520 -1.054883E-5 1
1200 1200 3362.893780 -1.003028E-5 1
1201 1201 3362.967040 -9.733960E-6 1
1202 1202 3363.040300 -9.141329E-6 1
1203 1203 3363.113560 -8.845014E-6 1
1204 1204 3363.186820 -8.326462E-6 1
1205 1205 3363.260080 -8.030147E-6 1
1206 1206 3363.333340 -7.437516E-6 1
1207 1207 3363.406600 -7.141200E-6 1
1208 1208 3363.479860 -6.548570E-6 1
1209 1209 3363.553120 -6.178176E-6 1
1210 1210 3363.626380 -5.659624E-6 1
1211 1211 3363.699640 -5.363308E-6 1
1212 1212 3363.772900 -4.918835E-6 1
1213 1213 3363.846160 -4.696599E-6 1
1214 1214 3363.919420 -4.103968E-6 1
1215 1215 3363.992680 -3.881731E-6 1
1216 1216 3364.065940 -3.363179E-6 1
1217 1217 3364.139200 -3.066864E-6 1
1218 1218 3364.212460 -2.622391E-6 1
1219 1219 3364.285720 -2.474233E-6 1
1220 1220 3364.358980 -1.955681E-6 1
1221 1221 3364.432240 -1.659366E-6 1
1222 1222 3364.505500 -1.214893E-6 1
1223 1223 3364.578760 -9.926565E-7 1
1224 1224 3364.652020 -6.222623E-7 1
1225 1225 3364.725280 -4.000258E-7 1
1226 1226 3364.798540 4.444731E-8 1
1227 1227 3364.871800 2.666838E-7 1
1228 1228 3364.945060 6.370781E-7 1
1229 1229 3365.018320 7.852357E-7 1
1230 1230 3365.091580 1.155630E-6 1
1231 1231 3365.164840 1.303788E-6 1
1232 1232 3365.238100 1.674182E-6 1
1233 1233 3365.311360 1.822340E-6 1
1234 1234 3365.384620 2.266813E-6 1
1235 1235 3365.457880 2.414970E-6 1
1236 1236 3365.531140 2.711286E-6 1
1237 1237 3365.604400 2.933522E-6 1
1238 1238 3365.677660 3.229838E-6 1
1239 1239 3365.750920 3.377995E-6 1
1240 1240 3365.824180 3.674311E-6 1
1241 1241 3365.897440 3.748389E-6 1
1242 1242 3365.970700 4.044705E-6 1
1243 1243 3366.043960 4.192863E-6 1
1244 1244 3366.117220 4.341020E-6 1
1245 1245 3366.190480 4.489178E-6 1
1246 1246 3366.263740 4.711414E-6 1
1247 1247 3366.337000 4.785493E-6 1
1248 1248 3366.410260 5.007730E-6 1
1249 1249 3366.483520 5.081809E-6 1
1250 1250 3366.556780 5.304045E-6 1
1251 1251 3366.630040 5.452203E-6 1
1252 1252 3366.703300 5.748518E-6 1
1253 1253 3366.776560 5.748518E-6 1
1254 1254 3366.849820 5.970755E-6 1
1255 1255 3366.923080 6.044834E-6 1
1256 1256 3366.996340 6.267070E-6 1
1257 1257 3367.069600 6.341149E-6 1
1258 1258 3367.142860 6.489307E-6 1
1259 1259 3367.216120 6.785622E-6 1
1260 1260 3367.289380 6.933780E-6 1
1261 1261 3367.362640 7.007859E-6 1
1262 1262 3367.435900 7.081937E-6 1
1263 1263 3367.509160 7.156016E-6 1
1264 1264 3367.582420 7.378253E-6 1
1265 1265 3367.655680 7.378253E-6 1
1266 1266 3367.728940 7.600489E-6 1
1267 1267 3367.802200 7.600489E-6 1
1268 1268 3367.875460 7.674568E-6 1
1269 1269 3367.948720 7.748647E-6 1
1270 1270 3368.021980 7.970884E-6 1
1271 1271 3368.095240 8.044962E-6 1
1272 1272 3368.168500 8.119041E-6 1
1273 1273 3368.241760 8.193120E-6 1
1274 1274 3368.315020 8.341278E-6 1
1275 1275 3368.388280 8.415357E-6 1
1276 1276 3368.461540 8.415357E-6 1
1277 1277 3368.534800 8.489435E-6 1
1278 1278 3368.608060 8.637593E-6 1
1279 1279 3368.681320 8.563514E-6 1
1280 1280 3368.754580 8.711672E-6 1
1281 1281 3368.827840 8.785751E-6 1
1282 1282 3368.901100 8.933908E-6 1
1283 1283 3368.974360 8.933908E-6 1
1284 1284 3369.047620 9.082066E-6 1
1285 1285 3369.120880 9.082066E-6 1
1286 1286 3369.194140 9.156145E-6 1
1287 1287 3369.267400 9.156145E-6 1
1288 1288 3369.340660 9.230224E-6 1
1289 1289 3369.413920 9.304303E-6 1
1290 1290 3369.487180 9.378382E-6 1
1291 1291 3369.560440 9.452460E-6 1
1292 1292 3369.633700 9.452460E-6 1
1293 1293 3369.706960 9.452460E-6 1
1294 1294 3369.780220 9.526539E-6 1
1295 1295 3369.853480 9.526539E-6 1
1296 1296 3369.926740 9.674697E-6 1
1297 1297 3370.000000 9.674697E-6 1
1298 1298 3370.073260 9.748776E-6 1
1299 1299 3370.146520 9.822855E-6 1
1300 1300 3370.219780 9.822855E-6 1
1301 1301 3370.293040 9.822855E-6 1
1302 1302 3370.366300 9.896933E-6 1
1303 1303 3370.439560 9.896933E-6 1
1304 1304 3370.512820 9.971012E-6 1
1305 1305 3370.586080 9.971012E-6 1
1306 1306 3370.659340 1.011917E-5 1
1307 1307 3370.732600 1.011917E-5 1
1308 1308 3370.805860 1.019325E-5 1
1309 1309 3370.879120 1.011917E-5 1
1310 1310 3370.952380 1.011917E-5 1
1311 1311 3371.025640 1.019325E-5 1
1312 1312 3371.098900 1.011917E-5 1
1313 1313 3371.172160 1.019325E-5 1
1314 1314 3371.245420 1.026733E-5 1
1315 1315 3371.318680 1.034141E-5 1
1316 1316 3371.391940 1.041549E-5 1
1317 1317 3371.465200 1.041549E-5 1
1318 1318 3371.538460 1.041549E-5 1
1319 1319 3371.611720 1.048956E-5 1
1320 1320 3371.684980 1.041549E-5 1
1321 1321 3371.758240 1.041549E-5 1
1322 1322 3371.831500 1.041549E-5 1
1323 1323 3371.904760 1.048956E-5 1
1324 1324 3371.978020 1.048956E-5 1
1325 1325 3372.051280 1.048956E-5 1
1326 1326 3372.124540 1.048956E-5 1
1327 1327 3372.197800 1.048956E-5 1
1328 1328 3372.271060 1.063772E-5 1
1329 1329 3372.344320 1.056364E-5 1
1330 1330 3372.417580 1.063772E-5 1
1331 1331 3372.490840 1.063772E-5 1
1332 1332 3372.564100 1.071180E-5 1
1333 1333 3372.637360 1.063772E-5 1
1334 1334 3372.710620 1.071180E-5 1
1335 1335 3372.783880 1.071180E-5 1
1336 1336 3372.857140 1.078588E-5 1
1337 1337 3372.930400 1.071180E-5 1
1338 1338 3373.003660 1.085996E-5 1
1339 1339 3373.076920 1.085996E-5 1
1340 1340 3373.150180 1.093404E-5 1
1341 1341 3373.223440 1.085996E-5 1
1342 1342 3373.296700 1.085996E-5 1
1343 1343 3373.369960 1.093404E-5 1
1344 1344 3373.443220 1.078588E-5 1
1345 1345 3373.516480 1.085996E-5 1
1346 1346 3373.589740 1.085996E-5 1
1347 1347 3373.663000 1.085996E-5 1
1348 1348 3373.736260 1.085996E-5 1
1349 1349 3373.809520 1.093404E-5 1
1350 1350 3373.882780 1.085996E-5 1
1351 1351 3373.956040 1.093404E-5 1
1352 1352 3374.029300 1.100812E-5 1
1353 1353 3374.102560 1.108219E-5 1
1354 1354 3374.175820 1.100812E-5 1
1355 1355 3374.249080 1.108219E-5 1
1356 1356 3374.322340 1.108219E-5 1
1357 1357 3374.395600 1.115627E-5 1
1358 1358 3374.468860 1.108219E-5 1
1359 1359 3374.542120 1.108219E-5 1
1360 1360 3374.615380 1.108219E-5 1
1361 1361 3374.688640 1.108219E-5 1
1362 1362 3374.761900 1.108219E-5 1
1363 1363 3374.835160 1.108219E-5 1
1364 1364 3374.908420 1.108219E-5 1
1365 1365 3374.981680 1.115627E-5 1
1366 1366 3375.054940 1.115627E-5 1
1367 1367 3375.128200 1.108219E-5 1
1368 1368 3375.201460 1.115627E-5 1
1369 1369 3375.274720 1.115627E-5 1
1370 1370 3375.347980 1.108219E-5 1
1371 1371 3375.421240 1.108219E-5 1
1372 1372 3375.494500 1.108219E-5 1
1373 1373 3375.567760 1.108219E-5 1
1374 1374 3375.641020 1.100812E-5 1
1375 1375 3375.714280 1.108219E-5 1
1376 1376 3375.787540 1.108219E-5 1
1377 1377 3375.860800 1.115627E-5 1
1378 1378 3375.934060 1.123035E-5 1
1379 1379 3376.007320 1.123035E-5 1
1380 1380 3376.080580 1.123035E-5 1
1381 1381 3376.153840 1.123035E-5 1
1382 1382 3376.227100 1.130443E-5 1
1383 1383 3376.300360 1.130443E-5 1
1384 1384 3376.373620 1.130443E-5 1
1385 1385 3376.446880 1.130443E-5 1
1386 1386 3376.520140 1.123035E-5 1
1387 1387 3376.593400 1.130443E-5 1
1388 1388 3376.666660 1.137851E-5 1
1389 1389 3376.739920 1.137851E-5 1
1390 1390 3376.813180 1.130443E-5 1
1391 1391 3376.886440 1.130443E-5 1
1392 1392 3376.959700 1.145259E-5 1
1393 1393 3377.032960 1.130443E-5 1
1394 1394 3377.106220 1.137851E-5 1
1395 1395 3377.179480 1.130443E-5 1
1396 1396 3377.252740 1.130443E-5 1
1397 1397 3377.326000 1.130443E-5 1
1398 1398 3377.399260 1.137851E-5 1
1399 1399 3377.472520 1.137851E-5 1
1400 1400 3377.545780 1.130443E-5 1
1401 1401 3377.619040 1.130443E-5 1
1402 1402 3377.692300 1.130443E-5 1
1403 1403 3377.765560 1.137851E-5 1
1404 1404 3377.838820 1.137851E-5 1
1405 1405 3377.912080 1.137851E-5 1
1406 1406 3377.985340 1.137851E-5 1
1407 1407 3378.058600 1.145259E-5 1
1408 1408 3378.131860 1.137851E-5 1
1409 1409 3378.205120 1.137851E-5 1
1410 1410 3378.278380 1.145259E-5 1
1411 1411 3378.351640 1.145259E-5 1
1412 1412 3378.424900 1.152667E-5 1
1413 1413 3378.498160 1.137851E-5 1
1414 1414 3378.571420 1.145259E-5 1
1415 1415 3378.644680 1.145259E-5 1
1416 1416 3378.717940 1.137851E-5 1
1417 1417 3378.791200 1.137851E-5 1
1418 1418 3378.864460 1.137851E-5 1
1419 1419 3378.937720 1.137851E-5 1
1420 1420 3379.010980 1.137851E-5 1
1421 1421 3379.084240 1.137851E-5 1
1422 1422 3379.157500 1.137851E-5 1
1423 1423 3379.230760 1.145259E-5 1
1424 1424 3379.304020 1.137851E-5 1
1425 1425 3379.377280 1.130443E-5 1
1426 1426 3379.450540 1.130443E-5 1
1427 1427 3379.523800 1.137851E-5 1
1428 1428 3379.597060 1.137851E-5 1
1429 1429 3379.670320 1.130443E-5 1
1430 1430 3379.743580 1.130443E-5 1
1431 1431 3379.816840 1.137851E-5 1
1432 1432 3379.890100 1.137851E-5 1
1433 1433 3379.963360 1.137851E-5 1
1434 1434 3380.036640 1.145259E-5 1
1435 1435 3380.109900 1.145259E-5 1
1436 1436 3380.183160 1.145259E-5 1
1437 1437 3380.256420 1.137851E-5 1
1438 1438 3380.329680 1.145259E-5 1
1439 1439 3380.402940 1.152667E-5 1
1440 1440 3380.476200 1.152667E-5 1
1441 1441 3380.549460 1.152667E-5 1
1442 1442 3380.622720 1.145259E-5 1
1443 1443 3380.695980 1.145259E-5 1
1444 1444 3380.769240 1.145259E-5 1
1445 1445 3380.842500 1.145259E-5 1
1446 1446 3380.915760 1.152667E-5 1
1447 1447 3380.989020 1.152667E-5 1
1448 1448 3381.062280 1.145259E-5 1
1449 1449 3381.135540 1.152667E-5 1
1450 1450 3381.208800 1.145259E-5 1
1451 1451 3381.282060 1.152667E-5 1
1452 1452 3381.355320 1.145259E-5 1
1453 1453 3381.428580 1.145259E-5 1
1454 1454 3381.501840 1.145259E-5 1
1455 1455 3381.575100 1.145259E-5 1
1456 1456 3381.648360 1.152667E-5 1
1457 1457 3381.721620 1.145259E-5 1
1458 1458 3381.794880 1.145259E-5 1
1459 1459 3381.868140 1.152667E-5 1
1460 1460 3381.941400 1.145259E-5 1
1461 1461 3382.014660 1.152667E-5 1
1462 1462 3382.087920 1.145259E-5 1
1463 1463 3382.161180 1.145259E-5 1
1464 1464 3382.234440 1.145259E-5 1
1465 1465 3382.307700 1.152667E-5 1
1466 1466 3382.380960 1.160075E-5 1
1467 1467 3382.454220 1.160075E-5 1
1468 1468 3382.527480 1.152667E-5 1
1469 1469 3382.600740 1.145259E-5 1
1470 1470 3382.674000 1.152667E-5 1
1471 1471 3382.747260 1.152667E-5 1
1472 1472 3382.820520 1.152667E-5 1
1473 1473 3382.893780 1.152667E-5 1
1474 1474 3382.967040 1.152667E-5 1
1475 1475 3383.040300 1.152667E-5 1
1476 1476 3383.113560 1.152667E-5 1
1477 1477 3383.186820 1.152667E-5 1
1478 1478 3383.260080 1.152667E-5 1
1479 1479 3383.333340 1.152667E-5 1
1480 1480 3383.406600 1.152667E-5 1
1481 1481 3383.479860 1.152667E-5 1
1482 1482 3383.553120 1.152667E-5 1
1483 1483 3383.626380 1.152667E-5 1
1484 1484 3383.699640 1.145259E-5 1
1485 1485 3383.772900 1.145259E-5 1
1486 1486 3383.846160 1.152667E-5 1
1487 1487 3383.919420 1.152667E-5 1
1488 1488 3383.992680 1.160075E-5 1
1489 1489 3384.065940 1.152667E-5 1
1490 1490 3384.139200 1.145259E-5 1
1491 1491 3384.212460 1.145259E-5 1
1492 1492 3384.285720 1.152667E-5 1
1493 1493 3384.358980 1.152667E-5 1
1494 1494 3384.432240 1.152667E-5 1
1495 1495 3384.505500 1.152667E-5 1
1496 1496 3384.578760 1.152667E-5 1
1497 1497 3384.652020 1.160075E-5 1
1498 1498 3384.725280 1.167483E-5 1
1499 1499 3384.798540 1.167483E-5 1
1500 1500 3384.871800 1.167483E-5 1
1501 1501 3384.945060 1.167483E-5 1
1502 1502 3385.018320 1.167483E-5 1
1503 1503 3385.091580 1.167483E-5 1
1504 1504 3385.164840 1.160075E-5 1
1505 1505 3385.238100 1.160075E-5 1
1506 1506 3385.311360 1.160075E-5 1
1507 1507 3385.384620 1.160075E-5 1
1508 1508 3385.457880 1.160075E-5 1
1509 1509 3385.531140 1.152667E-5 1
1510 1510 3385.604400 1.160075E-5 1
1511 1511 3385.677660 1.160075E-5 1
1512 1512 3385.750920 1.160075E-5 1
1513 1513 3385.824180 1.160075E-5 1
1514 1514 3385.897440 1.152667E-5 1
1515 1515 3385.970700 1.152667E-5 1
1516 1516 3386.043960 1.152667E-5 1
1517 1517 3386.117220 1.152667E-5 1
1518 1518 3386.190480 1.152667E-5 1
1519 1519 3386.263740 1.160075E-5 1
1520 1520 3386.337000 1.152667E-5 1
1521 1521 3386.410260 1.152667E-5 1
1522 1522 3386.483520 1.152667E-5 1
1523 1523 3386.556780 1.152667E-5 1
1524 1524 3386.630040 1.152667E-5 1
1525 1525 3386.703300 1.152667E-5 1
1526 1526 3386.776560 1.160075E-5 1
1527 1527 3386.849820 1.160075E-5 1
1528 1528 3386.923080 1.160075E-5 1
1529 1529 3386.996340 1.152667E-5 1
1530 1530 3387.069600 1.152667E-5 1
1531 1531 3387.142860 1.152667E-5 1
1532 1532 3387.216120 1.160075E-5 1
1533 1533 3387.289380 1.160075E-5 1
1534 1534 3387.362640 1.167483E-5 1
1535 1535 3387.435900 1.160075E-5 1
1536 1536 3387.509160 1.160075E-5 1
1537 1537 3387.582420 1.160075E-5 1
1538 1538 3387.655680 1.167483E-5 1
1539 1539 3387.728940 1.167483E-5 1
1540 1540 3387.802200 1.160075E-5 1
1541 1541 3387.875460 1.167483E-5 1
1542 1542 3387.948720 1.152667E-5 1
1543 1543 3388.021980 1.160075E-5 1
1544 1544 3388.095240 1.152667E-5 1
1545 1545 3388.168500 1.152667E-5 1
1546 1546 3388.241760 1.152667E-5 1
1547 1547 3388.315020 1.160075E-5 1
1548 1548 3388.388280 1.160075E-5 1
1549 1549 3388.461540 1.160075E-5 1
1550 1550 3388.534800 1.152667E-5 1
1551 1551 3388.608060 1.152667E-5 1
1552 1552 3388.681320 1.160075E-5 1
1553 1553 3388.754580 1.152667E-5 1
1554 1554 3388.827840 1.152667E-5 1
1555 1555 3388.901100 1.152667E-5 1
1556 1556 3388.974360 1.152667E-5 1
1557 1557 3389.047620 1.160075E-5 1
1558 1558 3389.120880 1.152667E-5 1
1559 1559 3389.194140 1.152667E-5 1
1560 1560 3389.267400 1.152667E-5 1
1561 1561 3389.340660 1.152667E-5 1
1562 1562 3389.413920 1.152667E-5 1
1563 1563 3389.487180 1.152667E-5 1
1564 1564 3389.560440 1.152667E-5 1
1565 1565 3389.633700 1.160075E-5 1
1566 1566 3389.706960 1.160075E-5 1
1567 1567 3389.780220 1.160075E-5 1
1568 1568 3389.853480 1.152667E-5 1
1569 1569 3389.926740 1.152667E-5 1
1570 1570 3390.000000 1.160075E-5 1
1571 1571 3390.073260 1.152667E-5 1
1572 1572 3390.146520 1.160075E-5 1
1573 1573 3390.219780 1.152667E-5 1
1574 1574 3390.293040 1.160075E-5 1
1575 1575 3390.366300 1.160075E-5 1
1576 1576 3390.439560 1.160075E-5 1
1577 1577 3390.512820 1.160075E-5 1
1578 1578 3390.586080 1.152667E-5 1
1579 1579 3390.659340 1.160075E-5 1
1580 1580 3390.732600 1.160075E-5 1
1581 1581 3390.805860 1.160075E-5 1
1582 1582 3390.879120 1.160075E-5 1
1583 1583 3390.952380 1.152667E-5 1
1584 1584 3391.025640 1.160075E-5 1
1585 1585 3391.098900 1.152667E-5 1
1586 1586 3391.172160 1.152667E-5 1
1587 1587 3391.245420 1.160075E-5 1
1588 1588 3391.318680 1.160075E-5 1
1589 1589 3391.391940 1.160075E-5 1
1590 1590 3391.465200 1.152667E-5 1
1591 1591 3391.538460 1.152667E-5 1
1592 1592 3391.611720 1.152667E-5 1
1593 1593 3391.684980 1.160075E-5 1
1594 1594 3391.758240 1.160075E-5 1
1595 1595 3391.831500 1.160075E-5 1
1596 1596 3391.904760 1.152667E-5 1
1597 1597 3391.978020 1.160075E-5 1
1598 1598 3392.051280 1.160075E-5 1
1599 1599 3392.124540 1.160075E-5 1
1600 1600 3392.197800 1.160075E-5 1
1601 1601 3392.271060 1.152667E-5 1
1602 1602 3392.344320 1.160075E-5 1
1603 1603 3392.417580 1.160075E-5 1
1604 1604 3392.490840 1.160075E-5 1
1605 1605 3392.564100 1.160075E-5 1
1606 1606 3392.637360 1.160075E-5 1
1607 1607 3392.710620 1.160075E-5 1
1608 1608 3392.783880 1.160075E-5 1
1609 1609 3392.857140 1.160075E-5 1
1610 1610 3392.930400 1.160075E-5 1
1611 1611 3393.003660 1.152667E-5 1
1612 1612 3393.076920 1.152667E-5 1
1613 1613 3393.150180 1.152667E-5 1
1614 1614 3393.223440 1.160075E-5 1
1615 1615 3393.296700 1.152667E-5 1
1616 1616 3393.369960 1.160075E-5 1
1617 1617 3393.443220 1.160075E-5 1
1618 1618 3393.516480 1.160075E-5 1
1619 1619 3393.589740 1.160075E-5 1
1620 1620 3393.663000 1.167483E-5 1
1621 1621 3393.736260 1.167483E-5 1
1622 1622 3393.809520 1.167483E-5 1
1623 1623 3393.882780 1.160075E-5 1
1624 1624 3393.956040 1.174890E-5 1
1625 1625 3394.029300 1.160075E-5 1
1626 1626 3394.102560 1.160075E-5 1
1627 1627 3394.175820 1.160075E-5 1
1628 1628 3394.249080 1.152667E-5 1
1629 1629 3394.322340 1.160075E-5 1
1630 1630 3394.395600 1.160075E-5 1
1631 1631 3394.468860 1.160075E-5 1
1632 1632 3394.542120 1.160075E-5 1
1633 1633 3394.615380 1.160075E-5 1
1634 1634 3394.688640 1.160075E-5 1
1635 1635 3394.761900 1.160075E-5 1
1636 1636 3394.835160 1.160075E-5 1
1637 1637 3394.908420 1.152667E-5 1
1638 1638 3394.981680 1.152667E-5 1
1639 1639 3395.054940 1.152667E-5 1
1640 1640 3395.128200 1.152667E-5 1
1641 1641 3395.201460 1.160075E-5 1
1642 1642 3395.274720 1.167483E-5 1
1643 1643 3395.347980 1.160075E-5 1
1644 1644 3395.421240 1.160075E-5 1
1645 1645 3395.494500 1.160075E-5 1
1646 1646 3395.567760 1.160075E-5 1
1647 1647 3395.641020 1.160075E-5 1
1648 1648 3395.714280 1.160075E-5 1
1649 1649 3395.787540 1.160075E-5 1
1650 1650 3395.860800 1.160075E-5 1
1651 1651 3395.934060 1.160075E-5 1
1652 1652 3396.007320 1.160075E-5 1
1653 1653 3396.080580 1.160075E-5 1
1654 1654 3396.153840 1.160075E-5 1
1655 1655 3396.227100 1.160075E-5 1
1656 1656 3396.300360 1.160075E-5 1
1657 1657 3396.373620 1.167483E-5 1
1658 1658 3396.446880 1.160075E-5 1
1659 1659 3396.520140 1.160075E-5 1
1660 1660 3396.593400 1.167483E-5 1
1661 1661 3396.666660 1.160075E-5 1
1662 1662 3396.739920 1.160075E-5 1
1663 1663 3396.813180 1.160075E-5 1
1664 1664 3396.886440 1.160075E-5 1
1665 1665 3396.959700 1.160075E-5 1
1666 1666 3397.032960 1.160075E-5 1
1667 1667 3397.106220 1.160075E-5 1
1668 1668 3397.179480 1.167483E-5 1
1669 1669 3397.252740 1.160075E-5 1
1670 1670 3397.326000 1.167483E-5 1
1671 1671 3397.399260 1.167483E-5 1
1672 1672 3397.472520 1.160075E-5 1
1673 1673 3397.545780 1.160075E-5 1
1674 1674 3397.619040 1.160075E-5 1
1675 1675 3397.692300 1.167483E-5 1
1676 1676 3397.765560 1.160075E-5 1
1677 1677 3397.838820 1.167483E-5 1
1678 1678 3397.912080 1.160075E-5 1
1679 1679 3397.985340 1.152667E-5 1
1680 1680 3398.058600 1.160075E-5 1
1681 1681 3398.131860 1.160075E-5 1
1682 1682 3398.205120 1.160075E-5 1
1683 1683 3398.278380 1.160075E-5 1
1684 1684 3398.351640 1.152667E-5 1
1685 1685 3398.424900 1.152667E-5 1
1686 1686 3398.498160 1.152667E-5 1
1687 1687 3398.571420 1.160075E-5 1
1688 1688 3398.644680 1.160075E-5 1
1689 1689 3398.717940 1.152667E-5 1
1690 1690 3398.791200 1.160075E-5 1
1691 1691 3398.864460 1.160075E-5 1
1692 1692 3398.937720 1.167483E-5 1
1693 1693 3399.010980 1.160075E-5 1
1694 1694 3399.084240 1.160075E-5 1
1695 1695 3399.157500 1.160075E-5 1
1696 1696 3399.230760 1.167483E-5 1
1697 1697 3399.304020 1.167483E-5 1
1698 1698 3399.377280 1.160075E-5 1
1699 1699 3399.450540 1.167483E-5 1
1700 1700 3399.523800 1.160075E-5 1
1701 1701 3399.597060 1.167483E-5 1
1702 1702 3399.670320 1.167483E-5 1
1703 1703 3399.743580 1.167483E-5 1
1704 1704 3399.816840 1.160075E-5 1
1705 1705 3399.890100 1.160075E-5 1
1706 1706 3399.963360 1.167483E-5 1
1707 1707 3400.036640 1.160075E-5 1
1708 1708 3400.109900 1.160075E-5 1
1709 1709 3400.183160 1.160075E-5 1
1710 1710 3400.256420 1.160075E-5 1
1711 1711 3400.329680 1.160075E-5 1
1712 1712 3400.402940 1.174890E-5 1
1713 1713 3400.476200 1.167483E-5 1
1714 1714 3400.549460 1.167483E-5 1
1715 1715 3400.622720 1.167483E-5 1
1716 1716 3400.695980 1.167483E-5 1
1717 1717 3400.769240 1.167483E-5 1
1718 1718 3400.842500 1.152667E-5 1
1719 1719 3400.915760 1.160075E-5 1
1720 1720 3400.989020 1.167483E-5 1
1721 1721 3401.062280 1.167483E-5 1
1722 1722 3401.135540 1.174890E-5 1
1723 1723 3401.208800 1.167483E-5 1
1724 1724 3401.282060 1.167483E-5 1
1725 1725 3401.355320 1.167483E-5 1
1726 1726 3401.428580 1.174890E-5 1
1727 1727 3401.501840 1.167483E-5 1
1728 1728 3401.575100 1.160075E-5 1
1729 1729 3401.648360 1.160075E-5 1
1730 1730 3401.721620 1.152667E-5 1
1731 1731 3401.794880 1.152667E-5 1
1732 1732 3401.868140 1.152667E-5 1
1733 1733 3401.941400 1.160075E-5 1
1734 1734 3402.014660 1.152667E-5 1
1735 1735 3402.087920 1.152667E-5 1
1736 1736 3402.161180 1.152667E-5 1
1737 1737 3402.234440 1.160075E-5 1
1738 1738 3402.307700 1.160075E-5 1
1739 1739 3402.380960 1.160075E-5 1
1740 1740 3402.454220 1.152667E-5 1
1741 1741 3402.527480 1.160075E-5 1
1742 1742 3402.600740 1.160075E-5 1
1743 1743 3402.674000 1.160075E-5 1
1744 1744 3402.747260 1.160075E-5 1
1745 1745 3402.820520 1.160075E-5 1
1746 1746 3402.893780 1.160075E-5 1
1747 1747 3402.967040 1.160075E-5 1
1748 1748 3403.040300 1.160075E-5 1
1749 1749 3403.113560 1.160075E-5 1
1750 1750 3403.186820 1.160075E-5 1
1751 1751 3403.260080 1.160075E-5 1
1752 1752 3403.333340 1.152667E-5 1
1753 1753 3403.406600 1.160075E-5 1
1754 1754 3403.479860 1.152667E-5 1
1755 1755 3403.553120 1.152667E-5 1
1756 1756 3403.626380 1.160075E-5 1
1757 1757 3403.699640 1.160075E-5 1
1758 1758 3403.772900 1.160075E-5 1
1759 1759 3403.846160 1.160075E-5 1
1760 1760 3403.919420 1.152667E-5 1
1761 1761 3403.992680 1.160075E-5 1
1762 1762 3404.065940 1.160075E-5 1
1763 1763 3404.139200 1.152667E-5 1
1764 1764 3404.212460 1.167483E-5 1
1765 1765 3404.285720 1.160075E-5 1
1766 1766 3404.358980 1.167483E-5 1
1767 1767 3404.432240 1.160075E-5 1
1768 1768 3404.505500 1.160075E-5 1
1769 1769 3404.578760 1.160075E-5 1
1770 1770 3404.652020 1.167483E-5 1
1771 1771 3404.725280 1.167483E-5 1
1772 1772 3404.798540 1.167483E-5 1
1773 1773 3404.871800 1.174890E-5 1
1774 1774 3404.945060 1.167483E-5 1
1775 1775 3405.018320 1.167483E-5 1
1776 1776 3405.091580 1.167483E-5 1
1777 1777 3405.164840 1.167483E-5 1
1778 1778 3405.238100 1.167483E-5 1
1779 1779 3405.311360 1.167483E-5 1
1780 1780 3405.384620 1.160075E-5 1
1781 1781 3405.457880 1.160075E-5 1
1782 1782 3405.531140 1.160075E-5 1
1783 1783 3405.604400 1.167483E-5 1
1784 1784 3405.677660 1.160075E-5 1
1785 1785 3405.750920 1.160075E-5 1
1786 1786 3405.824180 1.160075E-5 1
1787 1787 3405.897440 1.160075E-5 1
1788 1788 3405.970700 1.167483E-5 1
1789 1789 3406.043960 1.167483E-5 1
1790 1790 3406.117220 1.167483E-5 1
1791 1791 3406.190480 1.167483E-5 1
1792 1792 3406.263740 1.167483E-5 1
1793 1793 3406.337000 1.174890E-5 1
1794 1794 3406.410260 1.167483E-5 1
1795 1795 3406.483520 1.167483E-5 1
1796 1796 3406.556780 1.167483E-5 1
1797 1797 3406.630040 1.174890E-5 1
1798 1798 3406.703300 1.174890E-5 1
1799 1799 3406.776560 1.174890E-5 1
1800 1800 3406.849820 1.174890E-5 1
1801 1801 3406.923080 1.174890E-5 1
1802 1802 3406.996340 1.174890E-5 1
1803 1803 3407.069600 1.167483E-5 1
1804 1804 3407.142860 1.167483E-5 1
1805 1805 3407.216120 1.167483E-5 1
1806 1806 3407.289380 1.167483E-5 1
1807 1807 3407.362640 1.167483E-5 1
1808 1808 3407.435900 1.167483E-5 1
1809 1809 3407.509160 1.167483E-5 1
1810 1810 3407.582420 1.167483E-5 1
1811 1811 3407.655680 1.167483E-5 1
1812 1812 3407.728940 1.167483E-5 1
1813 1813 3407.802200 1.160075E-5 1
1814 1814 3407.875460 1.160075E-5 1
1815 1815 3407.948720 1.160075E-5 1
1816 1816 3408.021980 1.160075E-5 1
1817 1817 3408.095240 1.160075E-5 1
1818 1818 3408.168500 1.160075E-5 1
1819 1819 3408.241760 1.152667E-5 1
1820 1820 3408.315020 1.160075E-5 1
1821 1821 3408.388280 1.152667E-5 1
1822 1822 3408.461540 1.160075E-5 1
1823 1823 3408.534800 1.160075E-5 1
1824 1824 3408.608060 1.152667E-5 1
1825 1825 3408.681320 1.152667E-5 1
1826 1826 3408.754580 1.160075E-5 1
1827 1827 3408.827840 1.152667E-5 1
1828 1828 3408.901100 1.160075E-5 1
1829 1829 3408.974360 1.160075E-5 1
1830 1830 3409.047620 1.152667E-5 1
1831 1831 3409.120880 1.152667E-5 1
1832 1832 3409.194140 1.160075E-5 1
1833 1833 3409.267400 1.160075E-5 1
1834 1834 3409.340660 1.152667E-5 1
1835 1835 3409.413920 1.152667E-5 1
1836 1836 3409.487180 1.152667E-5 1
1837 1837 3409.560440 1.160075E-5 1
1838 1838 3409.633700 1.152667E-5 1
1839 1839 3409.706960 1.152667E-5 1
1840 1840 3409.780220 1.152667E-5 1
1841 1841 3409.853480 1.152667E-5 1
1842 1842 3409.926740 1.152667E-5 1
1843 1843 3410.000000 1.152667E-5 1
1844 1844 3410.073260 1.152667E-5 1
1845 1845 3410.146520 1.152667E-5 1
1846 1846 3410.219780 1.160075E-5 1
1847 1847 3410.293040 1.160075E-5 1
1848 1848 3410.366300 1.160075E-5 1
1849 1849 3410.439560 1.160075E-5 1
1850 1850 3410.512820 1.160075E-5 1
1851 1851 3410.586080 1.160075E-5 1
1852 1852 3410.659340 1.160075E-5 1
1853 1853 3410.732600 1.160075E-5 1
1854 1854 3410.805860 1.160075E-5 1
1855 1855 3410.879120 1.167483E-5 1
1856 1856 3410.952380 1.167483E-5 1
1857 1857 3411.025640 1.160075E-5 1
1858 1858 3411.098900 1.160075E-5 1
1859 1859 3411.172160 1.167483E-5 1
1860 1860 3411.245420 1.160075E-5 1
1861 1861 3411.318680 1.167483E-5 1
1862 1862 3411.391940 1.160075E-5 1
1863 1863 3411.465200 1.167483E-5 1
1864 1864 3411.538460 1.160075E-5 1
1865 1865 3411.611720 1.174890E-5 1
1866 1866 3411.684980 1.167483E-5 1
1867 1867 3411.758240 1.174890E-5 1
1868 1868 3411.831500 1.167483E-5 1
1869 1869 3411.904760 1.167483E-5 1
1870 1870 3411.978020 1.160075E-5 1
1871 1871 3412.051280 1.167483E-5 1
1872 1872 3412.124540 1.160075E-5 1
1873 1873 3412.197800 1.167483E-5 1
1874 1874 3412.271060 1.167483E-5 1
1875 1875 3412.344320 1.160075E-5 1
1876 1876 3412.417580 1.160075E-5 1
1877 1877 3412.490840 1.160075E-5 1
1878 1878 3412.564100 1.167483E-5 1
1879 1879 3412.637360 1.167483E-5 1
1880 1880 3412.710620 1.167483E-5 1
1881 1881 3412.783880 1.160075E-5 1
1882 1882 3412.857140 1.167483E-5 1
1883 1883 3412.930400 1.160075E-5 1
1884 1884 3413.003660 1.167483E-5 1
1885 1885 3413.076920 1.160075E-5 1
1886 1886 3413.150180 1.167483E-5 1
1887 1887 3413.223440 1.160075E-5 1
1888 1888 3413.296700 1.160075E-5 1
1889 1889 3413.369960 1.167483E-5 1
1890 1890 3413.443220 1.160075E-5 1
1891 1891 3413.516480 1.160075E-5 1
1892 1892 3413.589740 1.160075E-5 1
1893 1893 3413.663000 1.167483E-5 1
1894 1894 3413.736260 1.167483E-5 1
1895 1895 3413.809520 1.167483E-5 1
1896 1896 3413.882780 1.167483E-5 1
1897 1897 3413.956040 1.160075E-5 1
1898 1898 3414.029300 1.160075E-5 1
1899 1899 3414.102560 1.160075E-5 1
1900 1900 3414.175820 1.160075E-5 1
1901 1901 3414.249080 1.167483E-5 1
1902 1902 3414.322340 1.167483E-5 1
1903 1903 3414.395600 1.167483E-5 1
1904 1904 3414.468860 1.167483E-5 1
1905 1905 3414.542120 1.167483E-5 1
1906 1906 3414.615380 1.167483E-5 1
1907 1907 3414.688640 1.160075E-5 1
1908 1908 3414.761900 1.160075E-5 1
1909 1909 3414.835160 1.152667E-5 1
1910 1910 3414.908420 1.152667E-5 1
1911 1911 3414.981680 1.160075E-5 1
1912 1912 3415.054940 1.167483E-5 1
1913 1913 3415.128200 1.167483E-5 1
1914 1914 3415.201460 1.167483E-5 1
1915 1915 3415.274720 1.167483E-5 1
1916 1916 3415.347980 1.167483E-5 1
1917 1917 3415.421240 1.167483E-5 1
1918 1918 3415.494500 1.167483E-5 1
1919 1919 3415.567760 1.174890E-5 1
1920 1920 3415.641020 1.167483E-5 1
1921 1921 3415.714280 1.174890E-5 1
1922 1922 3415.787540 1.167483E-5 1
1923 1923 3415.860800 1.167483E-5 1
1924 1924 3415.934060 1.174890E-5 1
1925 1925 3416.007320 1.167483E-5 1
1926 1926 3416.080580 1.174890E-5 1
1927 1927 3416.153840 1.167483E-5 1
1928 1928 3416.227100 1.167483E-5 1
1929 1929 3416.300360 1.167483E-5 1
1930 1930 3416.373620 1.167483E-5 1
1931 1931 3416.446880 1.160075E-5 1
1932 1932 3416.520140 1.160075E-5 1
1933 1933 3416.593400 1.160075E-5 1
1934 1934 3416.666660 1.160075E-5 1
1935 1935 3416.739920 1.160075E-5 1
1936 1936 3416.813180 1.160075E-5 1
1937 1937 3416.886440 1.160075E-5 1
1938 1938 3416.959700 1.160075E-5 1
1939 1939 3417.032960 1.160075E-5 1
1940 1940 3417.106220 1.167483E-5 1
1941 1941 3417.179480 1.160075E-5 1
1942 1942 3417.252740 1.160075E-5 1
1943 1943 3417.326000 1.160075E-5 1
1944 1944 3417.399260 1.167483E-5 1
1945 1945 3417.472520 1.167483E-5 1
1946 1946 3417.545780 1.160075E-5 1
1947 1947 3417.619040 1.167483E-5 1
1948 1948 3417.692300 1.167483E-5 1
1949 1949 3417.765560 1.167483E-5 1
1950 1950 3417.838820 1.167483E-5 1
1951 1951 3417.912080 1.160075E-5 1
1952 1952 3417.985340 1.167483E-5 1
1953 1953 3418.058600 1.167483E-5 1
1954 1954 3418.131860 1.174890E-5 1
1955 1955 3418.205120 1.167483E-5 1
1956 1956 3418.278380 1.174890E-5 1
1957 1957 3418.351640 1.167483E-5 1
1958 1958 3418.424900 1.160075E-5 1
1959 1959 3418.498160 1.167483E-5 1
1960 1960 3418.571420 1.167483E-5 1
1961 1961 3418.644680 1.167483E-5 1
1962 1962 3418.717940 1.160075E-5 1
1963 1963 3418.791200 1.167483E-5 1
1964 1964 3418.864460 1.167483E-5 1
1965 1965 3418.937720 1.160075E-5 1
1966 1966 3419.010980 1.160075E-5 1
1967 1967 3419.084240 1.160075E-5 1
1968 1968 3419.157500 1.160075E-5 1
1969 1969 3419.230760 1.160075E-5 1
1970 1970 3419.304020 1.160075E-5 1
1971 1971 3419.377280 1.160075E-5 1
1972 1972 3419.450540 1.160075E-5 1
1973 1973 3419.523800 1.160075E-5 1
1974 1974 3419.597060 1.160075E-5 1
1975 1975 3419.670320 1.160075E-5 1
1976 1976 3419.743580 1.167483E-5 1
1977 1977 3419.816840 1.167483E-5 1
1978 1978 3419.890100 1.174890E-5 1
1979 1979 3419.963360 1.167483E-5 1
1980 1980 3420.036640 1.167483E-5 1
1981 1981 3420.109900 1.167483E-5 1
1982 1982 3420.183160 1.167483E-5 1
1983 1983 3420.256420 1.167483E-5 1
1984 1984 3420.329680 1.167483E-5 1
1985 1985 3420.402940 1.167483E-5 1
1986 1986 3420.476200 1.167483E-5 1
1987 1987 3420.549460 1.174890E-5 1
1988 1988 3420.622720 1.174890E-5 1
1989 1989 3420.695980 1.167483E-5 1
1990 1990 3420.769240 1.174890E-5 1
1991 1991 3420.842500 1.160075E-5 1
1992 1992 3420.915760 1.167483E-5 1
1993 1993 3420.989020 1.167483E-5 1
1994 1994 3421.062280 1.174890E-5 1
1995 1995 3421.135540 1.167483E-5 1
1996 1996 3421.208800 1.167483E-5 1
1997 1997 3421.282060 1.167483E-5 1
1998 1998 3421.355320 1.167483E-5 1
1999 1999 3421.428580 1.167483E-5 1
2000 2000 3421.501840 1.167483E-5 1
2001 2001 3421.575100 1.174890E-5 1
2002 2002 3421.648360 1.167483E-5 1
2003 2003 3421.721620 1.167483E-5 1
2004 2004 3421.794880 1.167483E-5 1
2005 2005 3421.868140 1.167483E-5 1
2006 2006 3421.941400 1.160075E-5 1
2007 2007 3422.014660 1.160075E-5 1
2008 2008 3422.087920 1.160075E-5 1
2009 2009 3422.161180 1.160075E-5 1
2010 2010 3422.234440 1.167483E-5 1
2011 2011 3422.307700 1.174890E-5 1
2012 2012 3422.380960 1.167483E-5 1
2013 2013 3422.454220 1.167483E-5 1
2014 2014 3422.527480 1.167483E-5 1
2015 2015 3422.600740 1.167483E-5 1
2016 2016 3422.674000 1.152667E-5 1
2017 2017 3422.747260 1.160075E-5 1
2018 2018 3422.820520 1.167483E-5 1
2019 2019 3422.893780 1.160075E-5 1
2020 2020 3422.967040 1.160075E-5 1
2021 2021 3423.040300 1.167483E-5 1
2022 2022 3423.113560 1.160075E-5 1
2023 2023 3423.186820 1.160075E-5 1
2024 2024 3423.260080 1.167483E-5 1
2025 2025 3423.333340 1.167483E-5 1
2026 2026 3423.406600 1.167483E-5 1
2027 2027 3423.479860 1.167483E-5 1
2028 2028 3423.553120 1.160075E-5 1
2029 2029 3423.626380 1.167483E-5 1
2030 2030 3423.699640 1.160075E-5 1
2031 2031 3423.772900 1.160075E-5 1
2032 2032 3423.846160 1.152667E-5 1
2033 2033 3423.919420 1.160075E-5 1
2034 2034 3423.992680 1.160075E-5 1
2035 2035 3424.065940 1.152667E-5 1
2036 2036 3424.139200 1.160075E-5 1
2037 2037 3424.212460 1.152667E-5 1
2038 2038 3424.285720 1.152667E-5 1
2039 2039 3424.358980 1.160075E-5 1
2040 2040 3424.432240 1.167483E-5 1
2041 2041 3424.505500 1.167483E-5 1
2042 2042 3424.578760 1.167483E-5 1
2043 2043 3424.652020 1.167483E-5 1
2044 2044 3424.725280 1.160075E-5 1
2045 2045 3424.798540 1.160075E-5 1
2046 2046 3424.871800 1.167483E-5 1
2047 2047 3424.945060 1.167483E-5 1
2048 0 3274.981680 NaN 1
2048 0 3274.981680 1.167483E-5 1
2049 1 3275.054940 1.174890E-5 1
2050 2 3275.128200 1.197114E-5 1
2051 3 3275.201460 1.204522E-5 1
2052 4 3275.274720 1.211930E-5 1
2053 5 3275.347980 1.219338E-5 1
2054 6 3275.421240 1.226746E-5 1
2055 7 3275.494500 1.234154E-5 1
2056 8 3275.567760 1.241561E-5 1
2057 9 3275.641020 1.248969E-5 1
2058 10 3275.714280 1.256377E-5 1
